4 4 3 2 8 6 3 6 3 2 2 1 3 2 7 5 6 6 5 3 7 5 3 3 8 5 5 4 3 4 5 3 4 3 8 6 5 4 2 1 904671966 Tue Sep  1 12:46:06 1998

3 3 6 6 9 3 6 2 2 7 4 3 4 5 8 3 8 5 6 9 3 4 4 4 9 3 7 5 4 7 3 4 5 4 8 5 7 4 5 7 904682465 Tue Sep  1 15:41:05 1998

8 6 3 3 9 2 8 1 3 2 6 7 4 7 9 5 5 1 3 3 7 7 1 1 6 3 5 1 5 2 7 6 3 4 8 3 5 1 2 1 904772479 Wed Sep  2 16:41:19 1998

3 2 4 2 7 3 5 2 2 1 4 2 3 2 6 5 5 1 2 1 2 4 4 3 6 4 6 2 1 2 2 5 3 1 6 4 3 1 1 2 904846153 Thu Sep  3 13:09:13 1998

4 2 2 2 8 6 5 3 3 6 1 2 2 1 6 8 7 2 3 5 6 3 1 1 7 2 8 1 3 4 1 5 2 1 8 2 6 2 3 2 904846957 Thu Sep  3 13:22:37 1998

3 3 2 1 7 3 1 2 1 1 3 2 2 1 7 3 1 2 1 1 3 2 2 1 7 3 1 2 1 1 3 3 2 1 7 3 1 2 1 1 904849620 Thu Sep  3 14:07:00 1998

3 3 2 1 7 3 1 2 1 1 3 2 2 1 7 3 1 2 1 1 3 2 2 1 7 3 1 2 1 1 3 3 2 1 7 3 1 2 1 1 904849682 Thu Sep  3 14:08:02 1998

3 3 2 1 7 3 1 2 1 1 3 2 2 1 7 3 1 2 1 1 3 2 2 1 7 3 1 2 1 1 3 3 2 1 7 3 1 2 1 2 904849711 Thu Sep  3 14:08:31 1998

3 3 2 1 7 3 1 2 1 1 3 3 3 1 7 3 1 2 1 1 2 3 2 1 8 3 1 1 1 1 3 2 2 1 8 3 1 1 1 1 904849819 Thu Sep  3 14:10:19 1998

3 2 2 3 3 4 4 3 2 5 2 2 3 3 3 4 4 1 2 5 3 4 4 3 2 3 3 2 2 6 2 2 1 2 2 3 5 3 1 7 904852569 Thu Sep  3 14:56:09 1998

7 4 4 2 8 5 5 6 3 1 7 4 1 2 8 6 3 3 1 2 6 5 2 2 8 6 2 1 2 1 6 5 1 4 8 6 4 1 2 3 904852695 Thu Sep  3 14:58:15 1998

2 1 4 1 5 6 6 1 2 5 4 1 2 3 1 6 7 1 1 6 5 1 2 3 2 2 6 1 1 4 4 1 2 2 1 5 7 1 1 5 904856105 Thu Sep  3 15:55:05 1998

4 4 5 2 8 5 6 3 5 2 4 5 3 4 8 3 5 4 3 2 5 5 4 3 5 5 4 4 4 3 4 5 3 3 8 4 5 3 4 2 904856348 Thu Sep  3 15:59:08 1998

1 2 1 1 3 1 2 3 1 1 1 2 1 1 3 2 2 1 1 2 2 2 1 1 7 7 5 4 3 1 2 4 1 1 3 4 6 1 2 3 904857259 Thu Sep  3 16:14:19 1998

5 6 3 3 8 6 6 5 2 3 6 6 2 2 8 3 3 3 2 4 5 6 3 2 8 5 5 3 2 2 5 5 2 3 8 3 2 3 2 4 904858034 Thu Sep  3 16:27:14 1998

8 3 2 1 6 6 4 2 2 1 7 8 3 5 9 5 4 2 3 1 7 7 3 2 9 6 4 3 3 1 6 6 2 3 8 2 6 1 2 1 904860922 Thu Sep  3 17:15:22 1998

2 4 2 2 9 4 7 2 1 4 5 6 1 3 9 7 2 2 2 3 2 7 2 1 9 5 2 3 2 3 2 3 2 2 9 7 4 2 4 2 904889302 Fri Sep  4  1:08:22 1998

3 7 1 1 8 5 8 2 1 1 3 2 2 2 7 5 3 4 1 2 2 6 3 2 8 6 2 3 1 3 3 5 2 1 7 3 2 2 1 1 904929920 Fri Sep  4 12:25:20 1998

4 6 2 1 5 2 3 3 3 2 2 4 2 2 7 5 3 2 3 4 2 6 3 2 7 4 3 2 3 5 2 5 3 3 7 4 3 4 2 5 904932819 Fri Sep  4 13:13:39 1998

6 4 4 3 7 5 5 3 3 1 5 4 4 1 5 7 5 2 3 1 4 6 5 1 5 7 6 3 1 1 5 4 4 1 6 7 5 2 2 1 904933678 Fri Sep  4 13:27:58 1998

3 4 1 1 8 2 6 2 2 2 3 5 2 1 8 2 5 1 2 3 2 4 4 2 8 3 5 2 3 1 3 4 1 1 8 3 2 2 1 2 904947802 Fri Sep  4 17:23:22 1998

3 3 3 1 8 3 3 2 2 1 3 2 2 1 8 6 2 2 2 1 3 2 2 1 8 3 5 3 2 1 4 2 2 2 8 4 5 2 2 1 905037363 Sat Sep  5 18:16:03 1998

3 1 1 1 8 5 5 2 4 2 3 2 4 3 8 4 3 3 2 2 2 6 4 2 9 5 3 4 1 4 2 3 4 2 9 3 1 3 1 2 905047727 Sat Sep  5 21:08:47 1998

7 3 2 3 6 3 2 1 2 1 2 2 1 1 3 4 3 1 1 1 3 4 1 2 5 3 2 1 1 1 2 5 2 1 3 5 1 1 1 2 905096613 Sun Sep  6 10:43:33 1998

5 5 3 1 8 1 7 1 1 1 3 3 1 1 9 1 3 1 1 3 3 3 1 1 9 3 5 1 3 1 3 3 1 3 9 1 3 1 1 1 905109593 Sun Sep  6 14:19:53 1998

1 3 1 1 5 4 2 2 1 3 1 3 4 2 7 5 2 2 1 1 2 5 6 1 7 5 2 3 2 1 2 3 1 1 7 6 2 3 2 1 905128407 Sun Sep  6 19:33:27 1998

3 3 2 1 8 6 2 4 3 6 3 3 4 1 8 6 4 5 3 2 4 4 6 1 8 6 2 2 2 5 4 5 5 1 8 8 2 7 2 4 905128974 Sun Sep  6 19:42:54 1998

7 3 2 5 4 5 3 3 2 2 6 5 4 3 5 3 5 3 4 1 6 3 2 2 3 1 5 1 3 1 6 4 2 5 7 3 6 2 4 1 905183241 Mon Sep  7 10:47:21 1998

6 5 2 4 8 5 6 3 5 1 5 7 2 6 8 6 3 5 3 4 4 8 5 2 9 7 6 5 3 3 6 8 5 1 9 5 4 4 2 3 905184868 Mon Sep  7 11:14:28 1998

5 3 3 2 7 5 4 1 4 2 4 6 2 5 7 4 5 1 3 2 5 7 2 3 7 4 6 3 4 2 6 5 1 1 8 5 5 2 3 4 905192179 Mon Sep  7 13:16:19 1998

2 5 2 1 7 4 4 3 3 1 5 6 2 4 8 4 5 5 4 3 2 6 4 3 8 4 6 3 3 2 7 7 2 4 8 5 7 5 6 2 905199441 Mon Sep  7 15:17:21 1998

7 7 3 8 4 6 2 1 5 9 4 5 8 8 9 6 7 2 1 3 6 5 2 4 4 7 5 4 8 1 4 5 1 7 2 3 5 6 8 9 905208796 Mon Sep  7 17:53:16 1998

3 4 2 3 6 4 2 2 3 1 4 3 3 4 6 3 6 3 2 1 6 5 3 2 6 2 7 2 4 3 5 4 2 3 6 3 7 3 2 2 905213383 Mon Sep  7 19:09:43 1998

2 3 4 1 7 2 6 4 2 1 4 3 3 2 7 3 4 2 3 1 4 5 3 1 7 2 8 4 5 1 5 5 2 1 8 4 7 2 4 1 905214089 Mon Sep  7 19:21:29 1998

1 1 1 1 4 3 2 1 1 2 1 3 1 2 3 1 1 1 1 2 1 2 1 1 3 1 2 1 1 2 1 1 1 1 2 2 2 1 1 2 905215527 Mon Sep  7 19:45:27 1998

2 5 2 1 8 4 3 4 3 2 4 7 4 2 6 3 8 4 3 2 3 7 3 2 8 6 8 4 2 2 3 5 3 6 7 4 6 2 2 4 905216556 Mon Sep  7 20:02:36 1998

3 3 2 1 7 4 5 4 3 2 5 4 4 2 7 4 2 4 2 1 3 4 4 1 7 5 6 4 2 2 3 5 3 2 7 3 6 3 2 1 905263624 Tue Sep  8  9:07:04 1998

2 3 4 2 7 6 3 3 3 1 1 3 2 2 7 8 3 3 1 2 2 3 2 1 7 7 3 4 2 2 3 3 2 2 8 6 3 5 2 2 905268919 Tue Sep  8 10:35:19 1998

6 4 3 2 8 2 2 4 2 2 3 5 2 2 6 3 3 3 4 2 2 4 4 1 6 3 6 4 3 3 2 4 3 3 6 2 3 3 2 2 905275702 Tue Sep  8 12:28:22 1998

2 7 3 1 7 3 4 3 2 2 4 7 3 2 6 3 1 4 3 2 4 8 3 2 8 5 2 6 1 1 8 8 4 2 7 5 2 4 2 1 905276415 Tue Sep  8 12:40:15 1998

6 5 4 4 5 3 3 4 3 4 6 4 4 3 4 4 5 4 4 6 6 6 4 4 4 4 5 4 3 5 6 4 4 4 5 4 3 3 3 3 905278468 Tue Sep  8 13:14:28 1998

3 4 1 1 8 1 2 4 3 5 6 8 2 2 8 3 1 2 1 4 5 8 1 1 8 3 3 2 2 2 3 3 2 1 8 1 6 2 1 4 905279160 Tue Sep  8 13:26:00 1998

2 4 5 1 8 4 3 4 2 1 3 4 3 2 8 4 2 4 3 1 3 4 4 1 8 5 1 2 2 2 3 6 2 1 8 4 2 4 2 2 905282968 Tue Sep  8 14:29:28 1998

3 3 3 1 8 4 1 3 1 1 3 4 3 1 7 3 2 3 2 2 4 4 3 2 8 3 1 3 3 2 4 5 3 1 7 3 2 3 2 1 905284880 Tue Sep  8 15:01:20 1998

7 9 7 9 8 7 6 7 6 8 5 7 8 6 6 6 5 6 5 6 7 6 7 6 5 7 6 6 6 6 6 6 8 8 6 5 5 7 5 8 905285360 Tue Sep  8 15:09:20 1998

6 7 7 2 9 4 7 8 5 2 8 9 6 3 9 5 7 5 5 2 8 7 4 3 9 5 4 4 4 2 7 7 6 6 9 5 8 4 7 3 905287820 Tue Sep  8 15:50:20 1998

2 7 6 7 6 3 5 2 8 7 5 6 9 2 1 7 8 3 8 4 9 5 2 3 4 6 8 7 1 1 5 2 2 8 3 4 6 7 9 1 905289228 Tue Sep  8 16:13:48 1998

5 5 2 2 7 4 4 3 3 3 6 5 3 2 7 3 4 4 2 3 6 5 3 2 8 5 4 3 2 4 5 5 3 2 7 4 5 3 3 3 905290680 Tue Sep  8 16:38:00 1998

3 4 6 1 6 6 7 3 3 1 5 5 7 2 5 7 4 1 2 3 4 6 6 2 7 6 7 2 3 3 5 4 7 2 7 6 3 1 4 1 905295151 Tue Sep  8 17:52:31 1998

6 7 3 5 8 5 6 4 4 2 6 5 3 3 8 4 5 3 4 2 4 7 3 3 8 4 4 3 4 3 5 6 3 4 8 3 6 3 4 2 905296299 Tue Sep  8 18:11:39 1998

5 4 3 2 8 4 6 4 3 1 5 7 3 2 9 4 6 3 5 2 6 7 3 2 9 5 4 3 4 1 7 5 3 2 9 4 8 3 3 1 905296324 Tue Sep  8 18:12:04 1998

4 5 2 2 9 2 6 3 3 1 4 3 3 6 8 2 6 2 3 1 4 5 3 3 8 3 3 1 5 2 5 5 2 5 9 3 7 2 4 6 905303075 Tue Sep  8 20:04:35 1998

2 3 3 2 6 2 2 2 3 2 2 3 3 2 6 2 2 2 2 1 2 2 1 2 6 2 2 1 2 2 2 3 2 1 6 1 1 1 2 2 905305510 Tue Sep  8 20:45:10 1998

4 4 4 2 6 3 5 4 4 2 5 4 4 1 5 5 3 3 3 2 7 6 3 2 7 7 3 5 4 1 6 7 3 4 8 4 5 3 4 2 905309289 Tue Sep  8 21:48:09 1998

8 7 4 3 8 7 6 3 6 2 7 7 3 3 6 6 5 4 3 2 7 8 3 3 7 6 5 6 6 2 8 6 4 4 7 5 4 3 3 2 905310109 Tue Sep  8 22:01:49 1998

7 5 4 3 8 3 7 3 5 3 7 6 3 3 6 3 5 2 3 4 8 8 3 2 7 5 6 3 3 1 9 7 3 1 7 4 4 2 2 1 905310411 Tue Sep  8 22:06:51 1998

4 4 6 1 8 3 5 3 2 1 4 4 3 2 8 4 4 2 3 2 4 7 4 1 8 3 2 3 2 3 4 5 4 1 8 4 4 2 1 2 905320178 Wed Sep  9  0:49:38 1998

5 5 4 2 7 4 2 3 3 2 3 4 3 3 8 3 2 2 3 1 3 6 3 3 8 5 4 3 4 2 4 6 2 3 6 5 4 2 3 2 905324313 Wed Sep  9  1:58:33 1998

3 3 3 2 7 4 5 5 2 3 5 6 3 3 7 4 3 2 3 2 5 7 3 3 7 4 3 3 2 2 4 5 3 2 7 4 3 3 2 2 905360323 Wed Sep  9 11:58:43 1998

3 5 2 1 7 2 4 2 1 1 5 4 2 1 6 2 1 2 1 1 4 6 2 1 6 2 1 2 2 1 7 7 1 1 6 2 4 2 3 1 905367592 Wed Sep  9 13:59:52 1998

7 2 3 1 8 6 5 3 1 1 7 3 2 2 6 2 1 1 1 3 8 4 2 2 7 3 3 1 1 1 8 6 1 1 7 2 3 1 1 1 905368932 Wed Sep  9 14:22:12 1998

1 4 1 2 7 3 3 3 4 2 2 2 3 3 6 4 2 3 2 1 3 3 3 2 7 5 3 3 1 3 2 3 2 1 8 3 2 2 1 1 905370626 Wed Sep  9 14:50:26 1998

3 2 3 2 7 1 2 1 1 1 3 2 2 2 7 1 1 1 1 2 3 3 2 3 7 2 2 1 2 1 3 3 2 2 7 2 2 1 2 1 905371132 Wed Sep  9 14:58:52 1998

7 7 5 6 8 4 7 3 5 4 7 7 5 6 8 4 7 4 6 4 7 7 4 6 8 4 7 3 6 4 6 7 4 6 8 4 7 4 6 4 905375999 Wed Sep  9 16:19:59 1998

3 4 4 4 6 4 8 5 2 3 5 3 3 3 8 3 6 3 2 6 4 6 2 4 7 4 5 4 2 2 6 8 3 3 7 3 6 3 5 3 905391382 Wed Sep  9 20:36:22 1998

3 7 4 4 8 1 4 2 2 2 5 4 3 2 8 1 2 3 1 2 2 6 4 6 8 2 3 2 1 3 6 7 2 2 8 4 3 3 3 2 905396144 Wed Sep  9 21:55:44 1998

8 3 2 1 6 6 4 2 2 1 7 8 3 5 9 5 4 2 3 1 7 7 3 2 9 6 4 3 3 1 6 6 2 3 8 2 6 1 2 1 905398170 Wed Sep  9 22:29:30 1998

6 6 2 1 8 4 5 2 2 4 6 5 1 1 8 3 2 2 3 4 7 7 2 1 8 5 2 3 2 5 7 5 2 3 8 3 5 2 2 4 905450268 Thu Sep 10 12:57:48 1998

2 6 2 2 8 3 4 2 3 5 3 5 5 3 6 4 5 2 3 6 5 4 2 3 7 4 5 4 4 5 6 4 3 3 6 4 5 3 3 4 905450394 Thu Sep 10 12:59:54 1998

5 5 2 1 6 3 3 4 2 2 6 6 7 2 8 3 6 3 3 4 4 7 3 2 7 5 3 4 3 1 8 6 3 2 6 3 8 4 3 1 905450783 Thu Sep 10 13:06:23 1998

7 6 5 3 7 3 3 2 3 3 7 7 1 4 8 2 3 3 3 1 7 8 2 3 7 3 6 2 3 3 8 7 3 7 7 3 3 3 2 2 905450839 Thu Sep 10 13:07:19 1998

2 7 2 1 8 3 4 2 2 4 2 8 2 3 8 3 4 3 2 6 4 6 2 3 9 3 5 3 1 5 4 8 3 2 9 2 4 4 2 6 905459665 Thu Sep 10 15:34:25 1998

2 2 3 2 8 3 6 4 3 3 2 4 3 3 8 5 4 3 2 3 2 3 3 2 8 4 3 3 3 3 3 4 3 3 8 4 3 2 2 2 905460652 Thu Sep 10 15:50:52 1998

2 5 2 2 7 4 4 3 4 5 2 2 1 2 3 3 5 4 3 4 3 3 2 3 4 5 4 2 2 3 1 2 1 5 2 2 3 2 6 7 905546062 Fri Sep 11 15:34:22 1998

2 3 3 1 8 3 6 5 4 2 4 4 3 2 8 2 3 4 5 2 2 3 1 4 9 5 5 3 3 3 2 2 3 2 6 5 2 2 3 1 905551754 Fri Sep 11 17:09:14 1998

8 8 3 1 7 7 7 2 1 3 7 3 2 1 5 2 7 2 1 5 6 4 1 3 7 5 7 2 1 4 6 2 3 7 6 7 8 2 1 3 905694215 Sun Sep 13  8:43:35 1998

3 3 2 1 4 2 3 2 2 1 3 3 1 1 2 1 2 1 2 1 2 3 1 2 4 3 3 1 2 2 4 2 2 2 3 3 3 1 2 1 905698038 Sun Sep 13  9:47:18 1998

3 3 3 2 8 4 5 1 5 1 3 4 2 1 8 2 3 2 2 3 3 4 2 2 8 1 3 2 2 1 3 5 2 1 8 2 4 1 3 1 905700014 Sun Sep 13 10:20:14 1998

3 3 3 2 8 4 5 1 5 1 3 4 2 1 8 2 3 2 2 3 3 4 2 2 8 1 3 2 2 1 3 5 2 1 8 2 4 1 3 1 905700734 Sun Sep 13 10:32:14 1998

6 5 3 2 6 5 5 3 2 2 5 5 4 3 7 4 3 2 3 2 3 6 4 3 6 4 6 4 4 3 3 7 2 5 5 3 5 4 4 4 905722970 Sun Sep 13 16:42:50 1998

5 4 3 3 7 4 4 3 3 2 5 4 2 3 5 3 5 2 3 2 6 5 3 5 7 4 4 2 2 3 6 2 3 4 4 3 5 2 3 2 905724389 Sun Sep 13 17:06:29 1998

5 6 3 2 8 4 3 4 3 1 5 7 3 2 7 3 3 4 3 2 6 6 4 2 7 3 4 3 4 2 5 7 3 3 8 5 3 2 4 2 905736285 Sun Sep 13 20:24:45 1998

9 9 4 5 9 8 8 4 2 3 9 9 5 4 9 9 7 2 3 1 9 9 4 8 9 9 9 3 3 3 9 8 4 2 9 9 9 4 1 2 905736442 Sun Sep 13 20:27:22 1998

1 1 1 1 1 1 1 1 1 1 2 3 6 8 7 4 5 1 1 2 2 5 8 7 6 4 3 4 1 9 4 8 1 7 2 3 5 6 8 9 905740040 Sun Sep 13 21:27:20 1998

6 4 1 1 7 5 2 2 3 1 5 4 3 1 8 3 7 2 1 3 5 7 4 1 8 6 5 2 2 1 6 5 6 2 9 4 6 3 1 2 905741459 Sun Sep 13 21:50:59 1998

4 6 3 2 8 3 7 3 2 1 5 5 4 4 8 3 7 3 4 1 5 5 5 3 7 5 6 4 4 2 4 7 4 3 8 4 7 4 3 2 905750582 Mon Sep 14  0:23:02 1998

3 4 2 1 9 5 7 7 8 2 6 4 1 1 9 1 4 5 3 2 5 7 1 2 9 3 6 2 4 3 5 7 1 3 9 4 4 1 2 4 905796329 Mon Sep 14 13:05:29 1998

3 5 3 3 6 3 4 3 4 2 5 5 4 3 6 4 4 4 3 3 6 6 4 3 6 4 4 4 4 3 6 5 3 4 6 4 4 3 3 4 905799980 Mon Sep 14 14:06:20 1998

7 3 3 3 7 6 6 3 5 2 2 4 2 2 7 4 6 1 2 3 6 3 1 2 8 4 8 2 2 2 6 5 2 3 8 5 7 3 2 2 905803703 Mon Sep 14 15:08:23 1998

7 8 8 6 8 7 7 8 8 7 8 7 8 7 7 6 7 7 8 8 8 8 8 7 8 7 7 8 8 7 7 8 7 8 8 7 6 6 8 6 905806073 Mon Sep 14 15:47:53 1998

5 7 6 3 8 7 7 3 3 2 5 8 4 2 9 7 4 4 3 1 5 8 6 2 9 6 7 3 1 2 4 7 3 2 9 5 6 4 3 2 905806923 Mon Sep 14 16:02:03 1998

7 6 5 1 8 2 2 3 7 1 9 7 4 8 8 5 9 5 4 3 8 8 3 8 9 4 6 2 3 2 8 5 2 2 6 4 9 1 2 1 905807173 Mon Sep 14 16:06:13 1998

8 5 4 3 8 4 8 5 3 3 8 7 5 6 7 4 6 4 3 3 7 7 4 3 8 4 6 4 3 4 7 7 3 3 7 4 6 4 3 2 905812410 Mon Sep 14 17:33:30 1998

5 4 3 2 9 6 7 2 3 2 3 8 2 1 8 1 2 2 1 3 7 7 4 2 8 2 5 2 3 2 7 7 2 2 6 2 2 3 4 1 905817037 Mon Sep 14 18:50:37 1998

6 3 4 2 8 5 7 6 5 2 6 4 3 4 8 3 4 4 5 4 7 5 2 2 8 5 6 4 4 2 6 5 3 4 8 5 6 3 3 2 905820919 Mon Sep 14 19:55:19 1998

2 1 4 2 6 7 8 6 5 5 1 3 3 3 7 7 9 2 1 5 1 3 3 6 8 6 9 2 3 7 1 2 4 2 7 7 9 3 4 7 905823830 Mon Sep 14 20:43:50 1998

5 3 4 4 8 6 6 2 2 4 4 3 5 2 7 6 3 4 2 3 4 3 7 2 7 6 2 3 2 3 5 4 6 2 7 8 2 3 2 3 905871109 Tue Sep 15  9:51:49 1998

6 4 1 4 9 1 6 2 2 2 7 6 2 4 9 4 2 3 2 4 5 8 3 4 9 6 3 5 6 2 7 8 3 3 9 4 3 7 6 3 905874121 Tue Sep 15 10:42:01 1998

6 4 2 3 3 5 1 7 4 5 4 5 4 4 4 6 4 2 1 3 4 5 9 7 5 5 4 4 6 1 4 4 1 3 2 3 5 5 3 4 905874565 Tue Sep 15 10:49:25 1998

4 3 2 2 8 3 5 2 3 1 6 5 2 3 7 2 5 2 3 2 5 6 3 3 8 2 4 2 3 1 6 5 2 5 8 2 7 2 3 1 905876112 Tue Sep 15 11:15:12 1998

7 7 4 3 9 6 7 5 4 3 6 7 4 5 7 5 3 4 3 5 5 6 3 5 7 5 3 4 2 4 5 6 3 2 6 3 5 3 4 3 905907989 Tue Sep 15 20:06:29 1998

7 7 4 3 9 6 7 5 4 3 6 7 4 5 7 5 3 4 3 5 5 6 3 5 7 5 3 4 2 4 5 6 3 2 6 3 5 3 4 3 905908517 Tue Sep 15 20:15:17 1998

6 3 8 1 4 6 6 3 2 2 3 2 3 4 2 2 1 3 2 1 4 4 5 5 7 2 6 4 5 3 2 3 5 1 7 6 6 4 2 6 905983271 Wed Sep 16 17:01:11 1998

6 8 2 2 9 4 3 5 3 1 5 8 5 2 9 5 6 4 6 4 7 8 4 3 9 4 3 6 2 1 6 8 4 1 9 4 3 2 3 3 905992099 Wed Sep 16 19:28:19 1998

5 6 4 1 7 5 1 2 3 1 7 6 4 2 7 3 2 2 1 1 6 8 4 1 6 5 2 4 2 1 6 8 3 2 7 4 2 4 1 1 907861422 Thu Oct  8 10:43:42 1998

2 3 1 2 7 5 2 3 2 1 3 5 2 4 7 3 5 4 2 3 3 3 3 4 7 4 4 2 1 1 3 5 2 3 7 3 5 2 3 1 907867250 Thu Oct  8 12:20:50 1998

3 5 3 2 6 4 4 2 3 1 4 6 4 4 6 4 3 3 2 3 5 4 5 3 7 3 4 2 4 3 6 6 3 5 8 4 7 2 5 2 907884574 Thu Oct  8 17:09:34 1998

3 5 3 2 6 4 4 2 3 1 4 6 4 4 6 4 3 3 2 3 5 4 5 3 7 3 4 2 4 3 6 6 3 5 8 4 4 2 5 2 907884660 Thu Oct  8 17:11:00 1998

3 1 2 1 8 4 3 1 1 2 2 1 3 2 8 3 2 2 1 1 3 6 3 1 8 4 2 2 1 2 3 3 5 1 8 6 2 1 1 1 907901177 Thu Oct  8 21:46:17 1998

5 3 2 3 8 2 3 1 2 1 3 3 2 2 9 4 4 1 2 1 5 4 2 3 9 2 5 1 3 1 5 6 2 3 8 2 5 1 2 1 907907604 Thu Oct  8 23:33:24 1998

3 4 2 1 5 2 3 2 3 1 3 3 2 1 5 1 1 2 2 1 2 3 2 1 4 1 1 1 1 1 3 3 1 1 5 2 1 2 2 1 908064269 Sat Oct 10 19:04:29 1998

5 8 6 7 7 4 8 7 3 6 3 2 5 1 2 4 1 2 3 6 5 4 3 2 5 2 4 3 6 4 6 6 5 6 6 7 8 5 8 9 908147203 Sun Oct 11 18:06:43 1998

6 7 3 2 6 3 7 4 2 1 7 8 5 6 8 5 4 5 4 2 8 7 5 3 8 5 7 5 3 2 7 6 4 5 8 5 8 5 2 1 908154991 Sun Oct 11 20:16:31 1998

6 7 3 2 6 3 7 4 2 1 7 8 5 6 8 5 4 5 4 2 8 7 5 3 8 5 7 5 3 2 7 6 4 5 8 5 8 5 2 1 908155089 Sun Oct 11 20:18:09 1998

6 7 3 2 6 3 7 4 2 1 7 8 5 6 8 5 4 5 4 2 8 7 5 3 8 5 7 5 3 2 7 6 4 5 8 5 8 5 2 1 908155202 Sun Oct 11 20:20:02 1998

6 7 3 2 6 3 7 4 2 1 7 8 5 6 8 5 4 5 4 2 8 7 5 3 8 5 7 5 3 2 7 6 4 5 8 5 8 5 2 1 908155219 Sun Oct 11 20:20:19 1998

6 7 3 2 6 3 7 4 2 1 7 8 5 6 8 5 4 5 4 2 8 7 5 3 8 5 7 5 3 2 7 6 4 5 8 5 8 5 2 1 908155234 Sun Oct 11 20:20:34 1998

6 7 3 2 6 3 7 4 2 1 7 8 5 6 8 5 4 5 4 2 8 7 5 3 8 5 7 5 3 2 7 6 4 5 8 5 8 5 2 1 908155378 Sun Oct 11 20:22:58 1998

2 6 1 1 7 3 1 2 1 1 4 7 2 5 9 6 4 4 1 2 4 7 3 3 9 4 5 3 6 2 6 7 2 5 9 7 7 6 6 4 908211629 Mon Oct 12 12:00:29 1998

5 6 2 3 9 4 4 3 6 1 6 6 2 4 9 5 3 5 6 1 5 6 3 4 9 3 4 2 3 1 3 7 2 5 9 5 6 6 7 1 908212781 Mon Oct 12 12:19:41 1998

3 4 1 2 6 5 4 2 2 3 6 7 3 4 8 8 7 1 2 5 6 9 2 5 8 5 5 3 2 4 8 9 2 3 8 4 6 2 1 3 908216135 Mon Oct 12 13:15:35 1998

3 5 3 2 6 3 5 2 4 1 4 5 4 4 6 3 4 2 3 2 5 4 2 3 7 3 5 1 4 3 6 5 3 5 8 3 5 2 5 2 908224201 Mon Oct 12 15:30:01 1998

6 7 3 2 6 3 7 4 2 1 7 8 5 6 8 5 4 5 4 2 8 7 5 3 8 5 7 5 3 2 7 6 4 5 8 5 8 5 2 1 908231196 Mon Oct 12 17:26:36 1998

2 3 2 5 3 3 4 3 3 3 3 2 3 3 3 4 3 4 3 2 3 4 5 4 3 4 2 3 5 2 6 4 3 1 4 3 4 3 4 3 908243152 Mon Oct 12 20:45:52 1998

6 5 2 3 7 4 7 1 1 2 5 3 4 5 8 4 7 3 3 4 6 4 3 4 6 3 5 2 2 2 4 3 2 2 3 3 7 1 2 4 908248088 Mon Oct 12 22:08:08 1998

6 3 2 2 6 5 5 2 1 2 3 2 3 3 4 3 7 2 3 7 5 5 4 2 4 6 8 1 2 7 6 3 4 4 5 7 7 2 3 6 908257448 Tue Oct 13  0:44:08 1998

3 7 1 1 6 2 4 2 1 1 2 7 2 1 6 1 4 2 4 1 2 8 1 2 8 2 3 2 4 1 2 8 2 2 6 2 2 2 3 1 908266088 Tue Oct 13  3:08:08 1998

1 4 1 4 2 5 1 1 1 5 4 5 5 5 5 4 4 4 2 3 2 2 2 2 2 2 2 2 2 2 3 3 2 3 2 3 4 3 3 3 908294401 Tue Oct 13 11:00:01 1998

2 2 1 1 5 3 2 2 1 1 3 2 2 2 7 4 5 1 1 2 4 6 2 2 7 5 5 3 1 3 6 4 2 2 8 7 3 2 1 2 908316628 Tue Oct 13 17:10:28 1998

6 4 3 2 7 5 5 2 2 2 7 4 4 4 6 6 5 3 4 3 5 4 3 4 7 5 5 3 4 3 6 4 4 4 8 7 5 3 2 3 908325747 Tue Oct 13 19:42:27 1998

3 4 2 2 8 4 2 2 1 1 1 4 4 2 2 4 4 1 1 1 3 3 2 2 2 3 3 3 3 1 1 5 1 3 1 1 3 3 3 5 908350144 Wed Oct 14  2:29:04 1998

3 6 3 1 8 2 4 3 3 2 3 5 2 2 9 2 4 2 1 1 3 5 2 1 9 4 5 3 3 2 3 3 2 1 9 6 6 2 4 2 908393521 Wed Oct 14 14:32:01 1998

7 8 3 8 4 6 2 1 5 9 6 5 2 2 1 4 3 8 9 7 9 5 2 3 4 6 8 7 6 1 6 1 3 9 4 5 7 8 3 2 908411294 Wed Oct 14 19:28:14 1998

3 2 1 1 9 5 3 1 1 1 4 4 5 5 9 9 7 1 1 1 5 6 5 5 9 8 6 5 3 5 4 1 2 2 9 6 8 4 1 4 909147496 Fri Oct 23  7:58:16 1998

9 9 1 9 1 9 1 1 9 9 5 5 5 5 5 5 5 5 5 5 1 1 1 1 1 1 1 1 1 1 5 5 5 5 5 5 5 5 5 5 909429822 Mon Oct 26 14:23:42 1998

9 9 1 9 1 9 1 1 9 9 5 5 5 5 5 5 5 5 5 5 1 1 1 1 1 1 1 1 1 1 5 5 5 5 5 5 5 5 5 5 909430097 Mon Oct 26 14:28:17 1998

2 8 2 1 7 5 3 5 6 1 4 9 4 5 8 7 5 6 4 6 6 5 3 2 7 3 4 3 4 5 4 6 4 2 7 5 5 4 4 4 909767598 Fri Oct 30 12:13:18 1998

2 5 3 3 4 1 2 1 5 4 6 5 7 5 6 9 8 8 9 7 4 5 2 3 4 1 3 2 5 1 6 5 9 8 8 7 5 9 7 6 935419938 Mon Aug 23  9:52:18 1999

4 4 4 1 5 4 2 3 4 2 7 5 2 2 5 2 1 3 3 1 6 7 4 1 8 4 4 2 2 3 4 6 3 2 7 2 1 2 1 1 936725863 Tue Sep  7 12:37:43 1999

2 3 4 2 8 6 6 3 2 1 2 3 2 5 8 4 8 4 3 2 4 4 3 4 8 4 8 3 3 3 2 3 3 2 8 4 8 3 3 1 936727174 Tue Sep  7 12:59:34 1999

6 5 3 3 8 5 6 4 2 1 7 4 3 4 8 5 7 4 2 5 6 3 5 4 8 7 7 3 3 5 6 5 4 4 8 5 6 1 2 7 936729561 Tue Sep  7 13:39:21 1999

7 2 3 6 8 4 7 3 2 5 7 2 3 5 8 6 7 5 2 6 7 3 6 7 8 7 7 2 2 5 6 2 5 7 8 6 7 2 2 6 936730535 Tue Sep  7 13:55:35 1999

7 8 2 1 6 4 2 1 1 4 6 7 1 1 9 3 3 1 1 5 4 3 2 2 9 1 4 1 1 7 2 8 1 3 9 3 1 1 2 1 936735090 Tue Sep  7 15:11:30 1999

7 6 4 3 6 4 1 3 3 2 5 4 4 2 7 4 2 2 2 1 6 5 4 2 7 4 2 3 2 2 6 5 3 1 7 4 3 2 2 2 936736556 Tue Sep  7 15:35:56 1999

5 1 2 3 8 3 2 3 2 1 3 4 2 3 8 5 2 1 3 1 5 8 3 2 8 5 3 3 2 2 7 8 2 1 8 5 3 4 4 1 936739656 Tue Sep  7 16:27:36 1999

1 2 1 1 4 2 2 2 1 1 1 1 1 1 4 2 1 1 1 1 1 2 1 1 4 1 1 1 1 1 1 2 1 1 5 3 3 1 1 1 936740550 Tue Sep  7 16:42:30 1999

1 3 1 1 5 3 2 3 2 2 5 5 4 5 7 6 4 3 3 1 5 4 4 3 8 5 8 2 2 4 5 4 4 3 8 8 8 6 3 1 936752328 Tue Sep  7 19:58:48 1999

7 8 2 2 8 1 6 3 3 1 7 8 3 2 9 2 8 2 4 2 5 7 2 2 9 2 6 1 2 1 4 8 2 2 9 2 7 2 2 1 936753013 Tue Sep  7 20:10:13 1999

3 3 5 1 7 2 6 3 4 3 3 3 4 2 5 2 6 1 2 2 3 3 2 2 4 2 7 1 3 2 3 3 2 2 3 4 7 2 2 4 936755729 Tue Sep  7 20:55:29 1999

6 6 7 2 8 5 3 7 3 4 6 7 6 4 8 5 3 5 3 4 7 7 6 3 8 5 4 6 3 5 7 6 6 3 8 7 5 6 3 3 936811851 Wed Sep  8 12:30:51 1999

3 4 4 3 8 2 7 4 2 3 4 3 3 2 5 3 5 2 4 2 3 4 3 4 7 4 6 5 3 4 3 2 3 4 7 4 4 3 3 2 936812901 Wed Sep  8 12:48:21 1999

4 2 3 4 4 5 9 4 4 2 7 5 6 4 7 6 7 4 3 2 7 6 3 5 4 2 9 5 6 4 7 8 4 7 5 4 7 4 6 4 936816639 Wed Sep  8 13:50:39 1999

4 5 4 3 6 4 6 5 3 2 3 4 3 4 7 3 4 5 4 2 5 6 2 4 7 4 5 4 2 3 5 4 2 3 8 5 6 4 3 2 936818692 Wed Sep  8 14:24:52 1999

2 6 1 1 5 2 5 2 2 1 3 5 2 5 5 3 2 2 2 3 5 4 3 3 5 4 4 3 2 9 4 5 2 3 6 2 6 2 1 9 936830795 Wed Sep  8 17:46:35 1999

6 8 1 5 2 3 2 4 1 1 7 9 1 4 5 4 2 5 6 7 6 9 2 4 5 3 1 2 3 2 7 9 2 1 7 2 2 1 3 3 936840058 Wed Sep  8 20:20:58 1999

4 7 4 3 8 7 7 6 3 5 7 4 4 4 8 6 6 2 3 6 6 5 4 2 8 3 7 2 3 7 6 6 4 5 8 5 7 2 3 4 936843868 Wed Sep  8 21:24:28 1999

8 5 1 4 8 2 5 3 4 1 9 7 3 6 8 2 9 1 1 2 9 7 2 4 8 3 8 4 5 3 9 7 1 6 9 7 7 2 2 2 936851673 Wed Sep  8 23:34:33 1999

5 4 3 2 7 3 5 2 4 1 4 3 1 2 8 2 2 1 1 1 3 3 2 3 7 2 5 1 1 1 5 5 1 5 6 2 2 1 1 2 936881429 Thu Sep  9  7:50:29 1999

7 5 2 3 6 3 5 3 4 2 6 5 3 2 5 4 5 4 4 2 3 4 3 4 7 2 6 1 1 2 1 4 2 2 4 3 5 2 3 1 936899790 Thu Sep  9 12:56:30 1999

9 3 2 7 8 3 5 3 4 1 9 5 2 5 9 2 1 4 3 1 8 5 2 2 9 7 2 4 2 3 7 3 2 1 9 4 3 2 2 1 936903022 Thu Sep  9 13:50:22 1999

5 6 4 1 8 3 4 2 2 1 3 2 5 1 8 2 1 3 4 1 5 7 5 3 9 5 3 4 3 3 5 4 3 1 9 3 4 3 1 4 936907532 Thu Sep  9 15:05:32 1999

1 2 2 1 5 2 5 3 4 1 2 1 1 4 9 1 5 1 2 1 3 2 2 2 7 2 8 2 2 3 2 1 1 1 5 3 4 1 2 1 936936335 Thu Sep  9 23:05:35 1999

2 5 3 4 7 6 6 3 4 1 4 4 2 2 6 3 2 2 2 2 3 5 2 3 6 3 2 3 3 3 3 4 3 3 6 2 4 2 3 2 936975828 Fri Sep 10 10:03:48 1999

1 3 1 1 7 2 3 2 1 1 2 4 2 1 8 3 4 1 1 2 2 4 1 1 8 5 6 2 1 2 4 3 1 1 8 7 6 2 1 2 936985454 Fri Sep 10 12:44:14 1999

3 3 3 1 8 4 6 3 2 2 4 5 5 3 7 2 6 2 3 2 3 7 4 4 8 3 3 3 3 3 4 9 4 3 7 5 3 2 3 3 936986584 Fri Sep 10 13:03:04 1999

3 3 1 1 3 2 2 2 2 3 4 5 1 5 5 1 1 1 2 1 4 6 2 1 6 2 2 2 2 2 3 4 1 1 6 7 2 2 1 3 936995691 Fri Sep 10 15:34:51 1999

5 4 3 1 6 3 2 4 2 2 5 4 4 2 6 4 2 4 2 1 5 4 3 2 6 3 3 3 2 2 5 4 2 1 6 4 2 2 2 1 937073429 Sat Sep 11 13:10:29 1999

4 2 3 3 7 5 8 3 3 3 6 6 3 2 7 5 8 3 3 3 4 5 5 3 7 4 8 2 3 6 6 4 3 3 6 6 8 3 2 4 937097183 Sat Sep 11 19:46:23 1999

4 5 5 3 7 4 8 3 3 3 5 6 3 4 7 4 8 3 3 4 5 6 3 4 7 4 8 3 2 5 5 6 4 3 7 4 8 2 2 4 937097629 Sat Sep 11 19:53:49 1999

9 8 1 7 6 5 4 2 3 1 7 5 3 5 8 3 6 2 3 1 7 8 2 2 9 6 6 4 5 1 9 6 2 5 7 3 6 3 4 3 937163722 Sun Sep 12 14:15:22 1999

2 5 4 2 7 3 6 4 5 2 6 5 1 1 6 4 3 3 4 4 6 6 2 1 7 5 5 4 4 3 6 5 2 1 4 3 3 2 1 4 937170416 Sun Sep 12 16:06:56 1999

3 6 2 2 8 1 5 3 4 2 6 6 2 2 8 3 6 3 3 2 7 6 2 5 8 2 6 3 5 2 7 6 2 2 8 2 6 2 6 2 937174448 Sun Sep 12 17:14:08 1999

3 6 6 2 8 5 7 3 3 4 6 5 5 5 6 3 7 4 5 3 7 5 4 3 6 4 6 6 3 5 4 4 3 5 7 5 6 2 2 3 937174601 Sun Sep 12 17:16:41 1999

1 2 1 1 8 2 4 3 2 1 1 4 1 4 8 3 2 1 1 2 1 3 1 1 8 2 2 1 2 1 1 2 1 2 8 2 2 1 2 1 937175453 Sun Sep 12 17:30:53 1999

1 7 1 1 7 2 4 2 2 6 3 8 2 2 8 3 4 2 3 5 2 5 2 2 7 3 3 2 2 3 2 4 1 3 8 2 6 2 3 5 937183530 Sun Sep 12 19:45:30 1999

4 4 4 1 7 8 7 3 2 1 3 3 6 2 7 2 7 2 2 2 2 4 1 1 5 2 6 2 1 2 4 4 1 1 6 4 5 2 1 2 937191609 Sun Sep 12 22:00:09 1999

3 6 2 4 3 4 5 3 3 2 6 6 2 5 8 2 5 2 4 3 6 6 3 5 8 2 5 3 4 3 6 5 2 5 8 2 5 3 5 2 937194761 Sun Sep 12 22:52:41 1999

4 4 4 4 4 4 4 4 4 4 4 4 4 4 4 4 4 4 4 4 4 6 4 4 4 5 4 4 4 3 4 5 4 2 4 4 4 4 5 5 937199820 Mon Sep 13  0:17:00 1999

4 7 2 3 8 3 3 7 1 4 6 8 3 1 8 5 3 4 3 5 5 7 3 2 8 5 4 7 2 3 5 7 3 2 6 4 2 3 4 6 937233245 Mon Sep 13  9:34:05 1999

5 5 3 2 7 4 7 4 6 1 6 4 5 5 8 1 8 2 3 1 4 8 2 3 8 5 7 3 5 2 7 6 2 3 8 5 6 3 4 1 937238392 Mon Sep 13 10:59:52 1999

6 6 7 2 8 5 3 7 3 4 6 7 6 4 6 6 3 5 3 4 7 7 6 3 8 5 4 6 3 5 7 6 6 3 7 7 5 6 3 3 937241468 Mon Sep 13 11:51:08 1999

6 4 2 1 8 4 5 4 5 3 6 4 2 3 7 2 5 4 3 3 6 6 2 1 7 4 5 3 4 3 6 4 3 3 8 1 5 2 3 2 937242982 Mon Sep 13 12:16:22 1999

3 5 3 2 8 4 7 2 5 1 3 3 4 6 8 2 4 1 5 2 4 3 4 3 7 2 5 1 6 2 2 4 3 2 6 3 5 3 6 3 937246629 Mon Sep 13 13:17:09 1999

2 5 1 1 6 2 4 3 3 4 4 3 1 2 5 2 3 2 4 4 1 3 1 2 4 3 3 4 3 5 1 4 2 1 4 4 3 2 3 3 937251523 Mon Sep 13 14:38:43 1999

4 6 2 3 4 5 5 1 6 7 5 4 4 3 6 2 7 1 2 4 4 3 2 4 4 8 5 6 3 6 5 5 3 6 6 8 9 4 6 9 937257671 Mon Sep 13 16:21:11 1999

5 4 4 1 7 2 6 4 3 2 4 3 2 2 5 2 4 3 2 4 5 2 3 1 7 4 4 2 3 2 3 3 4 3 8 4 6 3 2 3 937258530 Mon Sep 13 16:35:30 1999

3 5 3 1 9 5 8 6 4 2 6 7 2 2 9 9 8 4 2 1 9 4 3 1 9 8 7 3 4 2 9 7 3 2 8 9 7 8 5 1 937259069 Mon Sep 13 16:44:29 1999

8 6 2 2 6 4 7 3 5 1 9 7 4 4 7 3 8 2 1 5 9 7 3 2 6 4 8 5 1 5 6 8 3 2 7 5 4 1 3 7 937264697 Mon Sep 13 18:18:17 1999

2 2 1 1 4 1 7 1 3 3 2 2 3 3 4 1 6 1 1 1 3 2 1 3 5 4 7 2 3 1 2 5 1 3 4 2 6 2 2 2 937267280 Mon Sep 13 19:01:20 1999

4 7 1 3 8 2 6 2 1 2 5 8 5 2 9 4 3 4 2 3 4 7 4 2 9 5 2 4 2 3 6 8 7 1 9 5 2 3 1 3 937268604 Mon Sep 13 19:23:24 1999

8 4 4 3 8 7 5 3 4 5 8 6 4 5 8 5 5 4 4 3 6 6 3 3 8 5 7 4 3 4 8 8 3 2 8 5 5 3 2 7 937268670 Mon Sep 13 19:24:30 1999

5 5 4 3 7 5 3 4 3 2 5 6 4 5 7 4 5 4 3 4 5 5 4 3 7 4 6 5 4 3 4 4 4 4 7 5 5 4 3 4 937270398 Mon Sep 13 19:53:18 1999

3 3 2 3 8 4 4 3 5 2 3 4 2 3 9 3 4 3 4 2 2 6 3 2 9 3 2 3 4 3 3 5 3 2 9 3 2 2 3 2 937270867 Mon Sep 13 20:01:07 1999

9 4 2 2 8 6 7 3 1 3 8 5 2 4 8 4 6 3 1 2 6 5 4 1 9 3 5 2 1 2 5 7 3 2 8 4 2 1 3 1 937274210 Mon Sep 13 20:56:50 1999

6 7 2 1 8 4 3 2 2 8 7 7 1 6 8 2 6 2 2 2 7 6 4 3 8 5 6 3 6 2 8 7 3 3 8 4 7 2 2 1 937308046 Tue Sep 14  6:20:46 1999

5 5 3 4 8 3 7 3 4 2 5 3 2 3 6 2 7 2 4 3 4 4 2 3 7 2 7 1 2 1 5 5 1 3 6 2 8 2 3 2 937318669 Tue Sep 14  9:17:49 1999

8 4 7 1 7 3 6 2 2 1 6 5 3 1 7 3 5 3 5 1 7 6 4 1 7 8 6 7 4 1 9 6 6 2 7 5 9 2 2 1 937321601 Tue Sep 14 10:06:41 1999

5 3 4 3 9 2 4 2 2 1 5 4 2 3 9 2 4 2 3 2 6 6 5 4 9 4 5 4 4 2 4 4 3 4 9 3 5 3 1 2 937323312 Tue Sep 14 10:35:12 1999

4 6 1 2 8 7 3 2 4 1 7 6 2 3 8 3 3 2 1 3 6 5 2 2 8 5 3 4 3 2 5 4 2 2 8 3 3 2 2 2 937324752 Tue Sep 14 10:59:12 1999

2 3 5 3 2 4 2 3 2 3 4 5 5 3 4 5 6 2 1 3 5 5 6 5 5 5 6 5 6 4 4 4 4 6 3 2 6 6 4 3 937325212 Tue Sep 14 11:06:52 1999

8 6 4 4 8 7 5 2 4 3 6 8 4 2 9 3 5 4 3 2 7 7 3 2 8 6 5 4 3 4 6 6 4 3 7 4 3 2 2 5 937345137 Tue Sep 14 16:38:57 1999

3 1 5 3 6 4 5 4 1 1 1 1 1 1 1 1 2 1 1 1 1 1 1 1 1 1 1 1 1 1 1 1 1 1 1 1 1 1 1 1 937406406 Wed Sep 15  9:40:06 1999

1 1 1 1 1 1 1 1 1 1 1 1 1 1 1 1 1 1 1 1 1 1 1 1 1 1 1 1 1 1 1 1 1 1 1 1 1 1 1 1 937427987 Wed Sep 15 15:39:47 1999

3 4 4 2 6 4 3 4 3 2 4 3 3 4 6 4 3 4 2 2 3 5 4 3 6 4 4 3 4 2 3 5 3 4 5 3 5 4 3 3 937430774 Wed Sep 15 16:26:14 1999

5 4 4 2 7 4 8 3 2 1 4 6 3 1 8 3 1 2 3 1 7 5 3 2 8 6 5 4 2 1 5 7 3 1 8 4 2 3 3 1 937582228 Fri Sep 17 10:30:28 1999

4 4 3 2 8 5 4 1 3 2 3 2 2 2 8 4 5 2 4 2 6 2 3 4 8 4 5 2 2 2 2 3 3 3 8 5 5 1 1 3 937872959 Mon Sep 20 19:15:59 1999

3 3 1 1 5 5 4 1 1 1 4 2 1 2 4 1 3 1 1 3 3 3 1 1 3 1 4 1 2 1 3 2 1 2 3 1 3 1 1 3 938404964 Sun Sep 26 23:02:44 1999


1 1 1 1 1 1 1 1 1 1 1 1 1 1 1 1 1 1 1 1 1 1 1 1 1 1 1 1 1 1 1 1 1 1 1 1 1 1 1 1 941230489 Fri Oct 29 15:54:49 1999

1 1 1 1 1 1 2 1 1 1 1 1 1 1 1 1 1 1 1 1 1 1 1 1 1 1 1 1 1 1 1 1 1 1 1 1 1 1 1 1 943723364 Sat Nov 27 12:22:44 1999

1 1 1 1 8 1 2 1 1 1 1 1 1 1 8 2 1 1 1 2 1 1 1 1 8 2 2 1 1 1 1 2 1 1 8 1 1 1 1 1 945291047 Wed Dec 15 15:50:47 1999

5 5 4 4 7 5 5 4 4 5 5 5 4 4 6 5 5 4 4 5 4 5 5 4 7 5 5 4 4 5 4 4 4 4 6 5 5 4 4 5 945646051 Sun Dec 19 18:27:31 1999

3 9 3 3 3 9 8 1 3 9 9 9 9 9 9 9 9 9 9 9 9 9 9 9 9 9 9 9 9 9 9 9 9 9 9 9 9 9 9 9 946331491 Mon Dec 27 16:51:31 1999

9 7 3 6 6 1 4 1 7 3 2 5 7 7 5 4 4 1 1 2 7 3 1 1 2 5 6 5 9 1 6 7 3 7 4 3 3 2 3 7 947081357 Wed Jan  5  9:09:17 2000

3 6 3 2 8 8 2 4 1 1 3 5 5 3 8 6 3 5 2 1 2 5 3 3 8 7 4 5 4 2 3 5 3 3 9 8 3 5 2 1 947177881 Thu Jan  6 11:58:01 2000

7 7 3 2 7 5 4 5 4 1 4 4 2 3 6 3 2 3 2 1 6 6 3 3 6 4 3 3 3 2 6 6 2 3 6 3 2 5 3 3 947213253 Thu Jan  6 21:47:33 2000

8 6 2 1 7 3 3 3 1 3 5 8 4 2 9 4 2 2 1 2 5 7 3 2 7 3 2 3 2 2 7 7 3 2 7 3 3 5 2 2 947625945 Tue Jan 11 16:25:45 2000

2 2 2 2 6 2 5 3 3 1 2 5 2 5 6 3 3 2 3 2 3 3 2 2 4 3 3 2 2 1 4 3 2 2 4 2 4 2 3 1 947638570 Tue Jan 11 19:56:10 2000

1 1 1 1 6 3 4 1 1 1 1 1 1 1 3 2 4 2 1 1 1 2 1 1 5 3 5 2 1 1 1 3 2 1 5 3 4 3 1 3 947685527 Wed Jan 12  8:58:47 2000

2 4 3 1 8 5 6 4 4 2 4 5 5 2 8 3 4 3 3 1 6 6 4 3 8 4 5 4 4 2 7 5 3 4 8 6 5 4 4 2 947696889 Wed Jan 12 12:08:09 2000

7 7 3 2 7 3 7 2 7 2 7 8 1 2 8 2 2 1 2 4 6 8 2 2 8 3 5 1 2 4 5 8 2 3 9 3 6 3 2 3 947723750 Wed Jan 12 19:35:50 2000

1 4 3 1 8 1 6 2 4 1 2 3 2 2 8 2 7 2 3 1 3 3 2 1 8 2 7 2 2 1 3 2 2 2 8 2 7 2 2 1 947741747 Thu Jan 13  0:35:47 2000

1 4 3 1 8 1 6 2 4 1 2 3 2 2 8 2 7 2 3 1 3 3 2 1 8 2 7 2 2 1 3 2 2 2 8 2 7 2 2 1 947741976 Thu Jan 13  0:39:36 2000

5 6 3 2 8 6 7 6 2 1 6 4 3 5 8 7 5 3 4 2 6 4 3 2 7 6 5 6 4 4 3 4 4 3 8 5 5 7 5 2 947747059 Thu Jan 13  2:04:19 2000

2 3 1 2 2 2 2 1 2 2 2 2 2 1 2 1 1 2 4 3 2 2 2 1 2 1 2 2 3 2 2 1 1 2 2 2 3 1 2 2 947758937 Thu Jan 13  5:22:17 2000

4 4 2 1 7 2 5 3 2 3 2 4 2 2 6 5 4 2 1 1 5 3 2 1 4 2 7 3 2 2 3 4 2 1 3 4 6 1 1 3 947773715 Thu Jan 13  9:28:35 2000

4 6 5 3 8 2 3 4 3 4 6 8 4 3 8 3 3 3 3 3 6 7 4 3 8 3 3 4 2 4 6 7 3 3 8 3 3 2 3 3 947785359 Thu Jan 13 12:42:39 2000

6 5 4 3 8 5 5 4 5 2 6 5 5 3 8 4 7 3 2 2 6 7 3 2 8 5 7 6 3 1 7 5 3 3 8 6 6 3 2 1 947785382 Thu Jan 13 12:43:02 2000

2 3 4 2 8 5 5 3 3 2 2 2 4 2 7 4 4 3 2 3 2 2 3 2 7 3 4 2 2 3 2 2 3 2 5 4 4 3 3 2 947787895 Thu Jan 13 13:24:55 2000

6 8 2 3 8 3 3 4 4 1 8 9 3 3 8 3 5 3 2 3 7 7 3 2 8 3 6 3 3 1 8 7 3 2 9 3 5 2 2 1 947788517 Thu Jan 13 13:35:17 2000

6 7 1 4 8 6 6 3 3 1 6 6 2 2 8 7 5 3 2 1 6 7 5 3 8 7 5 4 2 2 6 6 3 2 8 7 6 2 1 2 947794421 Thu Jan 13 15:13:41 2000

8 8 6 7 8 4 5 3 5 2 7 8 5 3 9 2 4 4 6 3 6 8 4 3 7 4 6 5 5 3 5 7 3 3 7 3 5 6 2 1 947798279 Thu Jan 13 16:17:59 2000

5 6 2 1 8 4 3 1 4 3 3 4 2 2 8 2 5 3 2 1 5 5 3 1 8 3 4 2 2 1 5 3 2 1 8 4 4 3 2 1 947798487 Thu Jan 13 16:21:27 2000

7 4 5 3 1 9 2 2 9 5 5 4 9 9 9 5 3 7 1 2 9 9 9 9 9 9 9 9 9 9 9 9 7 9 9 9 9 9 9 9 947799462 Thu Jan 13 16:37:42 2000

4 8 3 1 5 2 2 6 3 1 7 8 2 2 8 3 4 3 3 1 5 7 3 1 8 4 3 4 3 1 6 9 3 1 8 3 3 3 3 1 947878299 Fri Jan 14 14:31:39 2000

2 1 1 2 7 2 3 2 1 1 2 2 1 3 7 2 3 1 1 1 2 2 1 2 7 3 3 2 1 1 1 1 2 2 7 3 3 1 1 2 947953707 Sat Jan 15 11:28:27 2000

8 7 3 2 9 2 6 1 5 4 9 7 2 5 9 3 4 3 5 3 5 7 3 2 9 3 3 3 7 3 3 7 5 3 9 3 5 3 4 5 947971162 Sat Jan 15 16:19:22 2000

3 7 3 1 9 7 6 5 2 1 5 5 4 2 8 6 5 6 3 2 4 5 4 3 9 3 7 3 2 1 7 7 4 3 9 6 7 5 3 4 947981360 Sat Jan 15 19:09:20 2000

5 4 2 2 6 4 4 3 3 3 4 4 2 4 6 4 4 3 3 2 7 6 3 3 5 5 6 3 3 3 6 4 2 4 7 4 4 3 3 4 948122275 Mon Jan 17 10:17:55 2000

1 1 1 1 1 1 1 1 1 1 1 1 1 1 1 1 1 1 1 1 1 1 1 1 1 1 1 1 1 1 1 1 1 1 1 1 1 1 1 1 948127690 Mon Jan 17 11:48:10 2000

3 3 2 3 4 2 5 3 1 3 4 2 2 1 4 1 5 4 3 2 2 2 3 2 4 1 5 2 1 2 2 2 1 1 4 2 5 2 1 1 948153826 Mon Jan 17 19:03:46 2000

6 4 2 2 7 5 2 3 4 1 6 4 2 2 6 3 3 3 2 1 5 2 2 2 7 3 3 1 2 3 4 4 2 2 7 3 2 1 1 3 948161716 Mon Jan 17 21:15:16 2000

9 9 9 9 9 9 9 9 9 9 9 9 9 9 9 9 9 9 9 9 9 9 9 9 9 9 9 9 9 9 9 9 9 9 9 9 9 9 9 9 948167488 Mon Jan 17 22:51:28 2000

6 3 5 4 8 9 7 2 5 4 7 3 2 5 8 8 7 3 3 5 2 4 4 5 8 7 5 3 2 4 5 5 3 6 8 8 5 3 4 4 948200432 Tue Jan 18  8:00:32 2000

6 7 3 4 5 3 7 4 2 4 6 7 3 4 4 4 6 4 5 4 8 8 5 4 7 4 6 4 5 6 8 8 4 2 7 5 7 3 5 6 948204512 Tue Jan 18  9:08:32 2000

7 1 3 8 4 6 2 1 5 9 7 4 3 2 5 7 5 6 3 2 2 6 5 3 6 8 2 4 4 3 5 6 3 3 6 8 3 4 2 1 948291608 Wed Jan 19  9:20:08 2000

1 1 1 1 4 2 4 1 2 1 2 1 2 1 4 3 3 1 2 1 1 1 1 1 4 2 1 1 1 1 1 1 1 1 4 2 1 1 1 1 948593741 Sat Jan 22 21:15:41 2000

1 1 1 1 4 2 1 1 1 1 1 1 1 1 4 2 2 1 1 1 1 1 1 1 4 2 2 1 1 2 1 1 1 1 4 2 2 1 2 1 948594431 Sat Jan 22 21:27:11 2000

6 5 3 3 7 2 4 2 2 3 6 6 3 4 8 3 4 2 3 2 4 6 2 2 8 3 4 2 2 3 6 5 3 4 8 4 4 3 3 2 948946702 Wed Jan 26 23:18:22 2000

3 5 1 1 6 2 2 2 2 1 2 5 5 2 6 2 3 2 2 3 2 6 5 2 6 6 4 4 2 1 2 6 2 3 6 3 2 3 2 1 949061578 Fri Jan 28  7:12:58 2000

5 6 1 2 7 2 2 2 3 2 3 3 3 3 3 3 3 3 3 3 1 1 1 1 1 1 1 1 1 1 1 1 1 1 1 1 1 1 1 1 949979238 Mon Feb  7 22:07:18 2000

7 5 2 2 5 5 4 1 2 2 4 5 3 2 4 3 6 2 3 1 5 3 3 2 5 3 6 3 4 2 3 3 3 2 4 3 4 2 2 1 950031790 Tue Feb  8 12:43:10 2000

5 5 2 1 8 7 2 3 3 3 7 6 3 2 8 7 2 4 2 3 5 6 3 2 8 6 2 3 2 2 5 6 5 2 8 3 2 5 2 2 950047390 Tue Feb  8 17:03:10 2000

6 3 5 5 4 5 4 1 3 5 5 2 4 3 3 5 6 3 1 2 6 1 3 2 2 5 6 3 1 3 5 1 4 4 2 4 3 1 1 5 950047436 Tue Feb  8 17:03:56 2000

7 4 2 3 8 4 2 1 3 3 6 5 3 3 8 5 5 3 3 4 5 5 4 4 8 4 6 3 3 5 4 5 3 4 8 5 3 2 3 3 950127283 Wed Feb  9 15:14:43 2000

1 1 1 1 3 1 2 1 1 1 1 1 1 1 2 1 2 1 1 1 1 1 1 1 2 1 2 1 1 1 1 1 1 1 2 1 1 1 1 1 950138414 Wed Feb  9 18:20:14 2000

3 4 2 1 9 7 4 7 3 1 3 7 4 2 7 5 2 5 3 2 3 4 5 2 7 3 1 4 1 2 3 4 3 2 7 3 2 3 2 1 950141969 Wed Feb  9 19:19:29 2000

3 4 3 1 7 3 5 2 2 2 4 5 2 3 8 4 2 5 3 3 3 6 3 3 8 6 5 3 1 2 3 4 3 2 8 7 4 4 3 3 950164785 Thu Feb 10  1:39:45 2000

4 6 3 5 4 3 5 2 2 1 1 5 3 6 5 2 1 2 1 3 4 8 2 3 5 2 8 1 6 1 4 9 1 2 4 3 6 1 3 1 950202359 Thu Feb 10 12:05:59 2000

3 2 2 5 2 6 7 1 1 8 2 2 3 2 2 5 9 1 2 6 4 2 3 2 1 5 9 2 2 2 2 1 2 2 2 6 9 2 1 9 950322887 Fri Feb 11 21:34:47 2000

1 1 1 1 1 1 1 1 1 1 1 1 1 1 1 1 1 1 1 1 1 1 1 1 1 1 1 1 1 1 1 1 1 1 1 1 1 1 1 1 950817464 Thu Feb 17 14:57:44 2000

2 2 8 6 1 5 5 2 8 8 2 1 2 5 1 4 3 3 6 8 4 6 3 6 4 4 3 6 4 7 5 8 2 5 6 4 5 4 3 7 951356846 Wed Feb 23 20:47:26 2000

1 1 1 1 1 1 1 1 1 1 4 4 1 1 1 4 1 4 1 3 3 3 2 3 3 3 3 3 3 2 4 5 1 5 3 4 4 5 5 5 951418485 Thu Feb 24 13:54:45 2000

9 9 9 9 8 6 7 9 6 9 8 8 8 7 7 8 8 7 8 8 7 7 7 7 7 7 7 7 7 7 7 8 9 8 8 8 7 7 8 8 952771185 Sat Mar 11  5:39:45 2000

4 3 1 2 3 4 3 1 1 1 4 4 1 1 4 3 5 1 1 2 3 3 1 1 5 4 4 1 1 2 4 4 1 1 3 2 2 1 1 1 957111499 Sun Apr 30 11:18:19 2000

8 8 8 7 7 6 5 7 7 6 5 6 6 5 6 5 6 7 6 7 5 5 7 6 4 6 5 6 6 6 5 7 6 6 5 6 3 6 5 4 957712512 Sun May  7 10:15:12 2000

2 2 1 1 2 1 1 1 1 1 1 1 1 1 3 1 1 1 1 1 1 2 1 1 2 1 1 1 2 1 2 1 1 1 2 1 2 2 1 1 962555275 Sun Jul  2 11:27:55 2000

5 3 5 2 7 4 4 4 3 3 3 3 2 3 7 5 5 2 3 3 4 5 3 2 7 6 3 2 1 3 4 2 3 4 6 2 3 2 2 5 971299206 Wed Oct 11 16:20:06 2000

2 1 2 2 3 2 3 3 3 3 3 3 3 3 3 3 3 3 3 3 3 3 3 3 3 3 3 3 3 3 3 2 3 2 3 3 3 3 3 2 971789629 Tue Oct 17  8:33:49 2000

2 4 3 2 8 3 6 3 2 2 2 2 2 2 8 3 6 3 4 5 2 4 2 2 8 4 5 3 2 5 2 4 2 2 8 3 5 2 2 4 972428615 Tue Oct 24 18:03:35 2000

5 8 4 2 9 3 7 3 2 1 6 7 3 2 6 2 5 5 6 3 6 7 3 2 7 6 3 6 2 1 5 8 2 2 7 5 5 4 2 1 972575369 Thu Oct 26 10:49:29 2000

4 5 4 2 6 4 3 1 2 2 5 5 3 2 6 4 2 4 2 1 4 5 4 2 6 4 2 3 2 2 5 4 2 2 5 3 2 2 2 2 972593929 Thu Oct 26 15:58:49 2000

6 4 3 4 7 4 5 4 3 3 5 5 4 4 6 3 3 5 3 3 5 5 4 3 7 5 4 4 3 3 3 5 3 3 6 4 5 4 2 3 972667762 Fri Oct 27 12:29:22 2000

8 8 3 1 8 7 5 3 4 4 7 8 4 4 8 5 3 3 1 5 7 8 4 4 8 5 5 3 5 5 7 6 3 3 8 3 3 4 2 1 972675800 Fri Oct 27 14:43:20 2000

2 6 3 1 8 5 7 3 3 1 3 7 2 1 9 3 4 3 5 1 7 7 3 1 9 4 7 5 3 1 4 7 2 1 8 2 4 2 6 1 972677756 Fri Oct 27 15:15:56 2000

6 3 4 3 9 5 7 3 1 1 6 7 3 2 8 5 6 1 2 2 6 4 2 3 8 5 7 2 1 1 7 5 2 1 8 4 8 2 1 2 972755965 Sat Oct 28 12:59:25 2000

3 2 2 3 5 3 6 5 4 1 3 3 4 2 4 4 5 4 4 1 3 3 1 2 4 4 4 5 3 1 5 3 3 3 6 4 5 3 4 2 972779137 Sat Oct 28 19:25:37 2000

8 5 1 4 7 7 3 2 1 1 7 6 2 2 8 2 1 1 2 3 7 6 2 2 8 6 6 2 1 2 8 8 2 4 9 6 6 2 2 5 972856499 Sun Oct 29 16:54:59 2000

4 5 6 1 9 8 5 7 4 3 3 4 3 4 9 8 6 7 5 5 2 5 4 3 9 8 5 7 3 5 4 5 4 4 9 8 5 7 4 5 972869816 Sun Oct 29 20:36:56 2000

2 5 4 2 8 7 7 2 3 1 1 6 1 2 8 7 4 1 2 6 3 5 2 1 8 6 5 1 2 1 3 6 3 2 9 6 5 1 4 5 972881714 Sun Oct 29 23:55:14 2000

3 3 1 2 4 4 1 1 3 4 4 4 3 3 6 4 2 3 4 4 4 4 3 2 6 4 4 3 3 1 5 4 4 1 7 4 2 2 2 3 972924807 Mon Oct 30 11:53:27 2000

2 4 3 2 6 5 5 3 2 1 7 3 5 3 7 3 3 2 3 2 2 3 2 2 6 2 2 8 3 3 2 2 3 4 8 2 3 3 3 2 972929069 Mon Oct 30 13:04:29 2000

2 1 2 1 6 1 3 2 3 2 1 4 4 3 7 2 5 1 1 2 3 6 4 2 7 3 3 2 1 1 2 2 2 2 7 2 3 1 3 4 972932932 Mon Oct 30 14:08:52 2000

1 2 5 1 7 2 6 1 2 1 6 3 8 2 6 2 7 2 3 1 6 4 7 2 8 3 5 2 1 3 7 6 3 1 8 1 3 1 1 4 972939794 Mon Oct 30 16:03:14 2000

6 2 3 1 7 4 5 1 3 1 8 7 5 4 8 5 7 3 1 1 8 6 3 4 8 6 7 2 6 2 8 8 5 2 8 7 7 2 3 1 972940383 Mon Oct 30 16:13:03 2000

6 1 1 1 6 1 5 1 1 1 5 2 1 1 6 3 6 1 1 1 5 5 1 1 5 4 6 2 1 1 5 2 1 1 5 4 5 1 1 1 972941380 Mon Oct 30 16:29:40 2000

8 3 2 2 9 2 4 3 2 1 8 5 2 1 9 8 4 5 4 2 8 6 2 3 9 5 6 5 2 1 8 2 1 2 9 8 6 5 1 1 972951866 Mon Oct 30 19:24:26 2000

5 8 2 2 8 1 7 4 3 5 6 5 3 3 8 2 4 2 6 1 3 8 1 2 9 2 1 4 7 4 6 7 2 3 7 3 4 2 1 2 972955611 Mon Oct 30 20:26:51 2000

4 6 2 3 6 2 4 1 3 2 4 6 2 4 7 2 4 3 6 3 4 5 2 4 7 3 4 3 5 3 4 6 2 4 7 4 5 2 3 2 972957365 Mon Oct 30 20:56:05 2000

4 5 2 1 4 2 2 2 3 4 5 5 2 2 7 2 5 2 3 3 7 7 2 3 6 2 3 2 2 6 5 5 1 2 7 2 2 1 2 5 972965398 Mon Oct 30 23:09:58 2000

1 6 2 1 8 5 6 5 3 2 6 5 4 6 7 8 9 4 1 1 4 7 4 2 8 6 7 4 4 5 4 8 3 2 7 3 7 4 7 3 973004327 Tue Oct 31  9:58:47 2000

7 6 2 3 8 2 6 3 6 4 5 3 1 3 8 2 7 1 2 1 6 3 2 5 8 2 5 2 3 2 6 2 2 3 8 2 4 2 3 2 973005997 Tue Oct 31 10:26:37 2000

4 7 2 4 9 6 5 1 5 1 5 8 3 1 8 5 2 2 1 1 3 5 1 2 8 4 4 3 1 1 6 6 3 1 8 3 1 1 1 2 973006084 Tue Oct 31 10:28:04 2000

6 8 5 2 8 5 7 6 3 2 9 8 5 4 7 4 2 4 3 2 7 8 5 4 8 5 3 5 3 3 8 8 4 3 7 5 3 5 2 1 973008434 Tue Oct 31 11:07:14 2000

3 2 2 1 8 6 7 2 6 1 4 5 3 2 8 3 7 3 5 2 3 4 3 2 8 3 7 2 3 3 3 3 2 2 8 6 7 4 4 2 973014070 Tue Oct 31 12:41:10 2000

4 4 7 5 9 6 6 3 4 5 5 4 2 5 6 2 2 3 2 3 2 6 4 3 8 5 4 3 3 3 5 4 6 4 9 7 5 3 3 1 973014120 Tue Oct 31 12:42:00 2000

3 6 3 2 9 4 5 2 1 1 5 6 7 4 9 1 7 4 2 1 5 6 9 5 9 8 6 1 6 8 7 4 7 4 9 4 8 4 2 2 973014569 Tue Oct 31 12:49:29 2000

8 8 3 3 7 5 4 2 2 1 6 7 4 2 9 3 8 3 4 2 8 8 3 2 9 6 7 5 4 1 8 8 4 2 9 5 6 4 3 1 973022646 Tue Oct 31 15:04:06 2000

6 3 1 1 9 2 8 2 2 3 6 2 2 2 8 1 4 1 1 2 7 8 2 2 8 1 4 1 1 4 7 7 2 6 8 1 9 1 4 5 973025267 Tue Oct 31 15:47:47 2000

5 6 4 1 7 5 6 3 2 2 5 4 2 3 7 3 4 3 2 2 6 5 3 2 8 4 6 3 2 3 3 6 3 2 8 4 5 4 2 4 973025594 Tue Oct 31 15:53:14 2000

9 7 4 1 8 6 1 5 3 4 9 8 5 1 8 6 2 3 2 4 9 7 6 1 8 5 2 6 3 3 9 8 6 1 8 6 1 6 3 4 973030952 Tue Oct 31 17:22:32 2000

3 4 1 1 8 2 4 3 1 3 3 4 3 1 8 4 5 3 2 4 3 5 2 3 8 4 2 3 1 3 4 3 2 2 8 5 3 2 3 1 973033909 Tue Oct 31 18:11:49 2000

5 6 3 2 7 6 5 3 2 4 5 6 2 3 5 4 3 2 2 5 6 6 3 3 6 5 4 4 3 4 6 6 3 3 5 6 3 3 4 4 973040350 Tue Oct 31 19:59:10 2000

3 2 4 3 8 4 5 4 4 2 4 4 3 5 8 3 4 2 3 3 7 6 4 4 8 3 4 2 4 5 7 7 3 4 8 5 6 3 4 2 973042678 Tue Oct 31 20:37:58 2000

2 3 3 1 8 4 7 5 2 1 5 2 2 3 9 6 4 4 2 1 5 6 2 2 9 5 3 1 1 2 5 5 1 2 9 3 3 4 4 1 973044379 Tue Oct 31 21:06:19 2000

2 3 3 1 8 4 7 5 2 1 5 2 2 3 9 6 4 4 2 1 5 6 2 2 9 5 3 1 1 2 5 5 1 2 9 3 3 4 4 1 973044463 Tue Oct 31 21:07:43 2000

7 8 3 5 7 4 5 3 4 2 8 7 3 4 6 4 5 2 3 2 8 8 3 4 7 4 6 4 3 3 8 6 3 5 7 2 3 3 3 2 973086443 Wed Nov  1  8:47:23 2000

5 6 2 2 8 1 2 1 2 3 7 8 2 1 7 3 3 1 2 2 3 7 2 1 8 3 1 1 1 1 6 5 1 1 7 3 1 1 1 1 973088771 Wed Nov  1  9:26:11 2000

7 3 6 5 8 8 4 3 5 3 6 6 5 6 9 7 6 3 4 1 7 5 3 4 8 5 4 3 3 1 6 6 3 2 8 4 4 2 2 3 973099688 Wed Nov  1 12:28:08 2000

3 5 8 2 9 6 4 5 5 2 3 5 5 5 9 5 4 5 3 2 3 6 6 4 9 7 3 4 4 3 3 5 5 3 9 6 3 4 4 2 973102400 Wed Nov  1 13:13:20 2000

4 5 3 2 8 2 6 2 1 1 4 5 4 1 9 5 6 2 1 1 7 5 3 2 9 4 4 2 6 2 5 5 4 6 9 6 8 4 1 2 973105405 Wed Nov  1 14:03:25 2000

2 4 3 3 6 7 5 6 2 3 3 3 3 4 5 4 4 3 2 2 2 4 3 3 5 6 3 5 3 3 3 4 4 2 5 6 3 4 3 3 973112520 Wed Nov  1 16:02:00 2000

5 5 4 3 8 6 6 6 3 2 6 5 3 3 8 5 3 3 4 2 5 4 4 2 9 4 5 4 5 3 6 7 3 3 9 4 4 3 4 1 973115512 Wed Nov  1 16:51:52 2000

4 6 2 4 8 3 5 4 3 3 3 7 2 6 8 3 5 3 6 3 6 7 5 4 8 4 4 5 7 6 6 6 4 2 7 3 6 3 3 3 973116032 Wed Nov  1 17:00:32 2000

1 2 1 1 8 2 2 1 1 1 2 1 1 1 9 2 2 1 1 1 1 1 1 1 9 2 3 1 1 2 1 2 1 1 9 3 2 1 1 1 973123645 Wed Nov  1 19:07:25 2000

4 7 5 2 8 5 6 3 2 3 6 7 2 2 8 5 3 4 2 3 4 7 4 2 8 4 6 2 2 3 3 6 4 2 8 5 4 2 4 1 973123953 Wed Nov  1 19:12:33 2000

3 6 4 3 8 4 7 6 5 4 4 5 3 3 7 4 3 3 4 3 3 3 3 3 7 2 4 3 3 3 3 6 3 2 5 3 4 3 3 2 973124720 Wed Nov  1 19:25:20 2000

8 6 4 5 9 3 7 2 5 2 7 5 3 4 9 2 6 1 4 1 8 6 4 5 9 3 7 2 5 2 9 7 4 5 9 4 7 2 5 2 973126719 Wed Nov  1 19:58:39 2000

5 6 5 2 8 6 4 2 5 2 5 6 4 2 8 7 5 5 5 4 5 7 4 2 8 6 3 5 4 2 4 6 4 4 8 5 3 5 3 2 973131748 Wed Nov  1 21:22:28 2000

5 4 2 2 7 3 5 2 1 3 3 3 2 1 6 4 7 2 2 1 2 3 2 2 6 4 6 1 1 4 2 4 1 3 6 3 6 2 2 1 973133059 Wed Nov  1 21:44:19 2000

5 8 4 1 8 3 3 3 3 1 7 8 2 1 8 3 4 3 3 1 8 9 3 2 7 4 6 3 4 1 7 8 2 1 8 3 4 3 1 1 973136094 Wed Nov  1 22:34:54 2000

5 8 4 1 8 3 3 3 3 1 7 8 2 1 8 3 4 3 3 1 8 9 3 2 7 4 6 3 4 1 7 8 2 1 8 3 4 3 1 1 973136150 Wed Nov  1 22:35:50 2000

2 2 2 2 9 7 7 3 3 1 2 5 5 2 8 6 6 3 3 2 3 5 4 1 9 4 4 3 2 2 3 4 2 1 8 3 3 2 3 1 973137603 Wed Nov  1 23:00:03 2000

5 8 4 1 8 3 3 3 3 1 7 8 2 1 8 3 4 3 3 1 8 9 3 2 7 4 6 3 4 1 7 8 2 1 8 3 4 3 1 1 973142115 Thu Nov  2  0:15:15 2000

4 2 7 3 9 5 8 6 5 1 5 7 4 4 9 4 3 4 2 2 5 6 5 3 8 5 5 4 3 4 6 7 1 4 9 4 5 2 4 1 973144168 Thu Nov  2  0:49:28 2000

3 5 3 2 8 3 6 2 3 3 5 3 3 5 8 2 7 1 3 2 5 4 2 5 8 2 6 1 4 3 4 4 2 4 7 3 5 2 4 2 973146891 Thu Nov  2  1:34:51 2000

2 6 2 1 7 2 3 2 1 3 3 4 2 1 7 2 1 2 1 2 5 5 2 1 8 2 1 2 1 3 6 4 2 1 7 2 1 2 2 1 973163269 Thu Nov  2  6:07:49 2000

6 8 5 2 7 5 6 4 3 2 8 6 4 2 7 3 6 3 2 1 7 7 4 5 7 3 5 2 4 2 7 6 4 5 7 4 6 3 4 2 973186999 Thu Nov  2 12:43:19 2000

2 2 2 1 8 7 6 3 2 2 2 2 2 3 8 7 3 4 3 3 2 2 2 2 8 7 3 3 3 3 2 2 2 2 9 6 4 3 2 2 973570717 Mon Nov  6 23:18:37 2000

3 6 4 4 6 6 2 2 4 4 4 4 6 5 6 5 5 5 3 4 4 3 5 3 3 4 7 4 8 2 8 8 8 8 8 8 8 8 8 8 973820253 Thu Nov  9 20:37:33 2000

1 1 1 1 1 1 1 1 1 1 1 1 1 1 1 1 1 1 1 1 1 1 1 1 1 1 1 1 1 1 1 1 1 1 1 1 1 1 1 1 974400178 Thu Nov 16 13:42:58 2000
1 1 1 1 1 1 1 1 1 1 1 1 1 1 1 1 1 1 1 1 1 1 1 1 1 1 1 1 1 1 1 1 1 1 1 1 1 1 1 1 974400380 Thu Nov 16 13:46:20 2000
7 1 3 8 4 6 2 1 5 9 4 5 8 1 9 6 7 2 1 3 9 5 2 3 4 6 8 7 1 1 4 1 1 7 2 3 5 6 8 9 978447915 Tue Jan  2 10:05:15 2001
7 1 3 8 4 6 2 1 5 9 4 5 8 1 9 6 7 2 1 3 9 5 2 3 4 6 8 7 1 1 4 1 1 7 2 3 5 6 8 9 978448380 Tue Jan  2 10:13:00 2001
7 1 3 8 4 6 2 1 5 9 4 5 8 1 9 6 7 2 1 3 9 5 2 3 4 6 8 7 1 1 4 1 1 7 2 3 5 6 8 9 978448435 Tue Jan  2 10:13:55 2001
7 1 3 8 4 6 2 1 5 9 4 5 8 1 9 6 7 2 1 3 9 5 2 3 4 6 8 7 1 1 4 1 1 7 2 3 5 6 8 9 978448564 Tue Jan  2 10:16:04 2001
5 6 2 5 6 5 7 5 3 6 4 5 8 9 9 6 7 2 1 3 5 2 2 2 2 1 3 1 7 1 6 8 9 6 7 6 7 3 6 7 978530674 Wed Jan  3 09:04:34 2001
6 6 3 4 9 7 4 6 7 3 6 6 2 2 9 3 6 1 3 4 7 8 5 3 9 6 3 5 4 4 4 5 1 7 2 3 5 6 8 9 978551040 Wed Jan  3 14:44:00 2001
8 7 4 6 9 4 5 3 7 2 7 8 4 6 9 6 5 3 6 4 7 8 4 5 9 5 2 3 5 5 6 6 4 2 9 4 3 3 2 3 978579483 Wed Jan  3 22:38:03 2001
4 4 3 3 7 7 5 5 1 3 5 4 3 4 8 4 4 3 1 3 5 3 4 3 8 4 5 5 3 4 5 4 5 3 9 7 6 4 1 3 978617899 Thu Jan  4 09:18:19 2001
3 6 2 1 8 4 5 5 1 1 8 6 3 2 7 4 5 4 2 3 6 6 3 2 9 4 6 3 5 4 7 3 4 2 7 7 6 3 1 3 978984633 Mon Jan  8 15:10:33 2001
2 3 2 1 4 3 1 2 1 1 3 3 3 1 7 2 1 3 1 1 3 3 3 1 5 2 1 2 1 1 2 3 2 1 5 1 1 2 1 1 979059224 Tue Jan  9 11:53:44 2001
1 2 2 1 7 1 2 2 1 1 3 3 1 2 3 1 2 1 2 1 2 2 2 2 4 1 4 1 2 1 2 2 2 3 2 2 3 2 3 1 979068882 Tue Jan  9 14:34:42 2001
7 3 3 4 7 4 3 4 2 1 5 6 3 4 7 2 6 3 2 1 4 6 2 3 8 3 4 3 2 1 7 8 3 2 7 2 6 2 2 1 979318500 Fri Jan 12 11:55:00 2001
2 1 1 1 4 2 2 1 1 1 2 1 1 1 4 2 2 1 1 1 1 2 1 1 4 2 1 1 1 2 1 1 1 1 4 1 1 1 1 1 979489741 Sun Jan 14 11:29:01 2001
2 3 2 2 6 2 2 2 2 2 2 3 2 2 6 2 2 2 2 2 2 2 2 2 6 2 2 2 2 2 2 3 2 2 6 2 2 2 2 2 979491561 Sun Jan 14 11:59:21 2001
2 2 2 2 6 2 2 2 2 2 2 3 2 2 6 2 2 2 2 2 2 2 2 2 6 2 2 2 2 2 2 2 2 2 6 2 2 2 2 2 979497393 Sun Jan 14 13:36:33 2001
7 7 4 2 8 6 3 2 3 1 7 8 3 2 9 2 2 2 2 1 3 8 4 1 9 7 3 3 1 1 3 6 2 2 9 5 3 2 2 1 979497488 Sun Jan 14 13:38:08 2001
1 1 1 1 4 2 2 1 1 2 1 1 1 1 4 2 1 1 1 1 1 1 1 1 4 2 2 1 1 2 1 1 1 1 4 1 1 1 1 2 979501136 Sun Jan 14 14:38:56 2001
2 6 2 2 9 2 2 3 4 2 6 7 2 2 9 4 2 4 3 3 6 6 4 2 9 2 2 3 2 2 7 7 1 1 9 3 4 2 2 4 979596392 Mon Jan 15 17:06:32 2001
6 5 3 3 8 7 7 6 2 2 6 7 3 4 8 4 6 6 3 2 6 7 6 5 8 5 6 4 3 3 6 4 3 4 8 7 7 3 3 2 979613177 Mon Jan 15 21:46:17 2001
3 3 2 2 6 4 3 3 4 2 4 3 3 3 7 2 3 3 3 2 2 4 3 2 5 2 4 2 2 3 2 3 2 2 4 2 2 1 2 1 979615915 Mon Jan 15 22:31:55 2001
7 8 6 6 3 4 5 3 6 4 8 9 5 7 6 5 3 5 4 5 6 8 3 4 6 5 6 5 3 2 7 8 5 6 6 4 5 3 6 5 979625326 Tue Jan 16 01:08:46 2001
7 6 4 3 8 4 8 5 5 1 8 8 4 6 6 2 7 2 6 1 8 6 2 3 7 2 7 2 7 3 7 6 2 5 7 4 8 4 4 3 979628159 Tue Jan 16 01:55:59 2001
4 8 3 1 8 6 6 2 3 6 6 7 1 1 6 4 3 2 1 5 2 7 3 2 4 6 4 2 1 6 8 8 2 2 7 2 6 1 3 8 979657002 Tue Jan 16 09:56:42 2001
2 2 2 2 7 3 4 2 2 2 3 5 4 2 7 3 3 4 2 2 5 6 2 2 8 5 2 4 4 2 3 6 2 1 8 2 2 2 1 1 979658815 Tue Jan 16 10:26:55 2001
2 3 1 2 3 2 3 1 2 1 3 2 3 1 3 2 1 2 2 2 2 2 1 2 3 1 3 2 1 1 2 1 3 3 3 2 2 2 3 1 979659143 Tue Jan 16 10:32:23 2001
3 5 3 3 6 2 6 4 5 3 5 6 3 2 7 3 5 4 6 2 4 6 3 3 7 4 6 3 5 2 3 5 4 2 7 4 5 3 6 2 979669295 Tue Jan 16 13:21:35 2001
2 4 4 1 6 4 6 3 2 1 3 4 4 2 4 3 7 3 2 1 3 4 4 2 4 2 5 1 2 2 3 6 3 3 4 3 5 2 3 1 979679297 Tue Jan 16 16:08:17 2001
4 6 5 3 8 3 4 2 4 3 5 6 3 3 8 4 4 3 5 2 5 6 4 2 8 4 6 4 3 2 5 5 3 2 8 5 5 3 4 2 979681607 Tue Jan 16 16:46:47 2001
2 3 4 2 6 5 3 1 4 2 2 2 2 2 4 4 3 2 2 3 2 2 2 2 3 3 4 2 2 3 1 1 1 1 3 2 2 2 2 2 979774875 Wed Jan 17 18:41:15 2001
3 3 2 2 6 3 3 2 2 2 3 4 3 2 6 3 2 3 2 2 3 4 3 2 6 3 2 3 2 2 3 3 3 2 6 3 2 3 3 2 979782398 Wed Jan 17 20:46:38 2001
4 4 3 2 6 3 2 3 3 2 4 3 3 2 6 3 2 3 2 2 3 3 3 2 6 3 2 3 2 2 3 4 3 2 6 6 2 3 2 2 979783072 Wed Jan 17 20:57:52 2001
4 6 5 4 9 5 7 6 5 3 6 4 4 3 8 4 4 5 4 4 5 6 4 3 7 3 2 4 4 2 5 5 3 4 8 4 3 5 2 1 979789484 Wed Jan 17 22:44:44 2001
6 5 8 4 9 6 5 7 3 1 4 6 5 3 6 4 7 5 3 3 7 5 2 4 8 6 7 3 3 3 7 5 4 1 8 6 7 2 3 1 979791988 Wed Jan 17 23:26:28 2001
7 3 5 5 8 5 2 2 7 4 4 4 3 4 5 6 8 8 5 7 5 3 5 4 6 4 4 5 6 3 3 3 3 3 6 4 8 6 7 7 1011362656 Fri Jan 18 09:04:16 2002
7 7 3 3 8 4 5 3 4 9 3 3 3 3 3 3 3 3 3 3 4 4 3 4 4 4 4 4 4 4 3 6 3 3 3 3 3 3 3 3 1011364503 Fri Jan 18 09:35:03 2002
1 1 1 1 3 1 1 1 1 1 1 1 1 1 2 1 1 1 1 1 1 2 2 1 3 1 2 1 1 1 2 2 2 1 3 2 1 1 1 1 1011498264 Sat Jan 19 22:44:24 2002
3 3 2 2 6 2 4 2 3 1 3 3 2 3 5 2 3 2 2 2 4 4 2 2 5 3 3 3 3 2 3 3 2 4 6 2 4 2 3 2 1011561337 Sun Jan 20 16:15:37 2002
5 5 9 7 4 6 5 7 4 9 4 5 9 9 3 7 7 7 5 9 6 6 8 8 5 7 8 4 7 8 3 8 9 7 3 5 3 7 8 4 1011649469 Mon Jan 21 16:44:29 2002
6 7 2 2 7 1 2 1 2 1 8 6 1 3 8 1 2 1 1 1 9 8 2 3 9 2 4 2 3 1 9 8 1 2 8 2 4 1 2 1 1011713723 Tue Jan 22 10:35:23 2002
2 8 2 1 8 7 5 1 3 3 3 6 4 2 9 8 3 4 3 3 6 7 1 3 8 3 7 2 2 2 2 8 2 2 8 4 4 2 2 3 1011732091 Tue Jan 22 15:41:31 2002
7 7 4 5 8 4 3 2 4 2 7 7 5 4 9 5 5 2 3 2 7 8 4 4 9 5 6 3 5 2 7 6 3 4 8 2 5 2 3 4 1011801457 Wed Jan 23 10:57:37 2002
7 8 3 3 8 3 2 3 2 2 6 8 3 2 8 4 7 3 3 2 6 7 3 3 8 4 6 3 3 2 5 7 2 2 8 4 6 3 3 1 1011835768 Wed Jan 23 20:29:28 2002
5 6 1 1 7 4 3 2 3 2 2 5 2 2 7 2 5 2 3 2 2 5 3 1 6 3 4 3 6 2 4 3 2 1 8 3 4 2 4 1 1011892527 Thu Jan 24 12:15:27 2002
8 6 2 1 7 2 1 3 2 2 8 8 2 2 8 3 2 4 5 4 7 8 4 2 3 3 5 2 4 3 4 8 2 2 8 4 3 2 1 5 1011893474 Thu Jan 24 12:31:14 2002
1 4 2 2 7 3 5 3 2 3 3 3 2 4 7 2 3 2 1 1 2 5 2 2 7 3 4 3 4 3 4 6 2 1 8 2 3 1 2 3 1011896972 Thu Jan 24 13:29:32 2002
4 3 2 2 8 2 6 3 2 2 3 3 3 3 8 3 6 4 4 2 3 3 3 1 8 2 5 2 2 2 3 3 3 2 8 4 5 2 2 2 1011909886 Thu Jan 24 17:04:46 2002
4 6 3 2 8 6 5 7 3 2 6 4 5 3 8 8 4 3 5 3 6 5 5 3 8 7 4 4 3 3 6 5 5 3 8 7 4 5 3 2 1011916024 Thu Jan 24 18:47:04 2002
3 3 1 2 6 4 5 2 1 2 4 3 2 2 6 2 5 2 2 3 3 3 3 2 5 3 4 2 2 2 3 3 2 2 5 3 4 2 3 3 1011972972 Fri Jan 25 10:36:12 2002
2 8 5 4 9 6 7 3 3 4 6 9 6 6 9 5 4 5 4 3 8 8 7 5 9 7 6 5 4 5 9 9 4 4 9 4 6 4 5 2 1011986801 Fri Jan 25 14:26:41 2002
3 5 4 1 6 4 2 3 2 1 3 4 2 2 6 5 3 4 2 2 3 4 4 1 6 3 2 3 1 1 2 7 3 1 7 3 1 5 1 3 1012059216 Sat Jan 26 10:33:36 2002
5 7 4 6 7 3 5 3 6 4 4 6 4 4 6 2 3 2 4 2 5 8 6 4 8 4 6 2 3 5 6 7 2 5 7 4 5 2 4 5 1012085790 Sat Jan 26 17:56:30 2002
6 7 3 2 8 7 4 5 4 5 8 7 4 4 7 7 3 6 4 3 8 6 5 4 8 7 6 7 4 4 8 7 5 5 7 6 5 5 3 2 1012089658 Sat Jan 26 19:00:58 2002
1 1 1 1 1 1 1 1 1 1 1 1 1 1 1 1 1 1 1 1 1 1 1 1 1 1 1 1 1 1 1 1 1 1 1 1 1 1 1 1 1012090258 Sat Jan 26 19:10:58 2002
4 9 3 2 8 3 7 2 2 1 7 8 2 1 8 2 5 1 2 2 6 9 1 1 8 5 7 1 3 1 2 9 2 1 8 3 7 1 4 1 1012103284 Sat Jan 26 22:48:04 2002
3 3 3 2 6 4 7 2 3 2 6 4 2 5 7 3 7 2 2 4 4 3 2 5 8 2 6 2 2 3 4 5 2 3 8 3 3 2 3 3 1012152912 Sun Jan 27 12:35:12 2002
4 3 7 4 8 4 5 6 6 1 3 3 4 2 4 5 4 5 4 2 4 5 4 2 7 6 5 5 4 2 4 4 4 4 6 2 3 4 5 4 1012168155 Sun Jan 27 16:49:15 2002
5 6 3 2 7 6 4 7 5 1 5 4 6 4 8 3 2 6 1 2 7 7 6 5 8 6 4 5 5 1 6 7 5 5 9 7 5 4 3 5 1012176635 Sun Jan 27 19:10:35 2002
2 3 2 2 2 1 3 1 2 2 2 3 2 2 3 2 3 2 3 2 1 3 2 2 3 2 3 3 3 2 3 3 2 2 4 2 2 3 2 1 1012181562 Sun Jan 27 20:32:42 2002
4 6 4 3 5 3 4 2 3 2 5 6 1 5 7 3 6 3 6 1 8 6 2 3 7 2 1 3 5 3 8 9 2 4 7 2 6 2 8 2 1012230828 Mon Jan 28 10:13:48 2002
8 9 2 3 7 5 4 3 4 7 6 8 2 1 6 4 1 1 3 4 7 8 3 1 7 5 4 2 4 5 7 8 2 3 5 3 4 1 3 1 1012235839 Mon Jan 28 11:37:19 2002
7 7 4 3 7 5 3 4 6 4 7 6 3 3 7 4 2 3 5 2 5 6 4 2 8 3 6 3 4 5 7 8 3 3 7 4 5 6 2 1 1012236419 Mon Jan 28 11:46:59 2002
5 8 6 5 6 6 8 6 4 5 4 6 5 4 5 5 7 4 4 3 4 5 5 4 6 5 7 3 4 4 4 4 4 3 4 5 7 4 3 4 1012246513 Mon Jan 28 14:35:13 2002
4 3 2 1 8 3 7 4 4 1 2 3 2 1 8 2 1 2 2 1 2 3 2 1 8 2 3 2 1 1 3 3 1 3 8 2 5 2 1 2 1012256327 Mon Jan 28 17:18:47 2002
5 4 4 3 7 5 3 4 4 3 5 3 4 2 8 4 7 6 4 3 3 3 4 3 7 8 4 5 5 3 5 5 5 5 7 6 4 5 4 4 1012266025 Mon Jan 28 20:00:25 2002
2 6 3 4 8 7 6 5 5 2 2 6 3 6 8 7 6 5 4 3 3 7 3 5 8 6 6 5 4 4 2 7 6 6 8 6 7 3 5 3 1012267305 Mon Jan 28 20:21:45 2002
3 6 2 2 8 5 6 3 4 4 7 6 3 4 8 5 2 2 1 2 6 7 2 3 8 6 7 4 3 2 7 6 2 1 8 2 3 2 2 1 1012267819 Mon Jan 28 20:30:19 2002
4 4 3 2 7 4 4 5 2 2 4 3 2 2 4 5 4 4 2 3 2 6 3 1 5 2 3 2 2 4 4 4 1 2 7 4 4 3 1 2 1012271673 Mon Jan 28 21:34:33 2002
6 5 3 1 8 6 2 4 4 2 6 7 1 1 8 5 2 1 2 1 4 6 2 1 8 4 2 2 2 1 5 7 2 1 8 2 2 3 1 2 1012277910 Mon Jan 28 23:18:30 2002
4 6 1 2 8 1 6 2 2 2 5 3 1 2 9 1 8 1 2 2 7 6 1 3 9 5 8 3 4 2 5 5 2 1 8 2 6 2 2 1 1012315994 Tue Jan 29 09:53:14 2002
3 2 2 1 5 2 3 2 2 1 3 2 2 1 5 2 3 2 3 1 3 3 2 1 5 2 2 2 2 1 4 2 2 2 5 2 4 1 2 1 1012333768 Tue Jan 29 14:49:28 2002
3 5 3 2 8 6 5 4 2 1 3 3 3 2 8 5 6 2 2 2 3 6 3 2 8 7 3 3 2 3 3 4 3 3 8 3 3 2 2 2 1012334136 Tue Jan 29 14:55:36 2002
4 4 4 4 6 4 4 5 4 5 3 6 4 9 4 4 4 4 4 4 6 3 5 6 3 9 4 4 5 7 5 5 5 5 4 3 5 5 8 4 1012337361 Tue Jan 29 15:49:21 2002
2 2 1 1 7 3 2 3 1 1 2 3 2 1 6 2 1 3 1 2 2 5 2 1 7 4 1 2 1 2 2 3 2 1 7 3 1 2 1 2 1012344767 Tue Jan 29 17:52:47 2002
8 9 8 9 8 7 7 5 9 7 8 9 8 7 9 8 7 7 6 8 8 9 7 8 9 8 7 7 7 7 7 9 8 8 8 6 6 7 9 6 1012345848 Tue Jan 29 18:10:48 2002
1 5 2 2 7 4 1 4 1 1 4 3 4 1 9 4 2 2 1 3 7 4 4 2 9 4 2 4 2 2 7 6 1 2 9 6 2 3 1 4 1012346036 Tue Jan 29 18:13:56 2002
5 6 5 3 8 6 2 4 2 3 5 8 5 2 6 6 4 5 2 1 7 8 5 3 6 6 4 4 2 2 7 8 4 3 4 3 5 3 3 2 1012346333 Tue Jan 29 18:18:53 2002
5 7 5 3 8 4 3 4 3 4 5 6 6 3 8 4 2 4 3 4 5 7 4 2 8 4 2 3 4 3 5 7 3 2 8 4 4 3 4 3 1012346535 Tue Jan 29 18:22:15 2002
6 4 4 4 8 4 6 3 5 3 6 5 4 5 8 6 7 3 5 3 7 6 4 5 8 5 6 5 5 3 6 6 3 4 8 5 6 3 5 2 1012352023 Tue Jan 29 19:53:43 2002
3 1 5 1 9 3 7 2 3 2 4 5 2 4 9 3 2 2 3 1 1 2 3 3 9 2 7 4 6 2 2 5 3 1 8 3 6 2 4 1 1012357452 Tue Jan 29 21:24:12 2002
1 1 1 1 9 2 1 2 1 1 2 2 2 1 9 3 1 4 1 1 2 8 1 1 9 2 2 4 1 1 4 6 3 1 9 3 1 1 1 1 1012362485 Tue Jan 29 22:48:05 2002
7 8 3 5 9 2 6 2 4 4 8 7 5 4 9 4 4 4 5 2 8 8 3 5 9 2 3 5 5 1 8 7 5 4 9 4 4 5 5 2 1012365228 Tue Jan 29 23:33:48 2002
4 6 5 3 8 4 4 3 7 5 4 3 3 6 4 3 5 4 7 3 3 5 5 3 5 3 5 4 7 3 2 4 7 2 7 9 1 1 6 5 1012366006 Tue Jan 29 23:46:46 2002
3 7 3 2 7 5 3 4 4 1 4 5 2 3 7 4 3 4 3 1 5 5 4 3 8 5 4 3 3 3 6 4 4 2 7 3 4 3 3 1 1012370002 Wed Jan 30 00:53:22 2002
4 7 2 2 8 2 5 3 5 1 4 8 1 3 9 2 4 1 3 2 7 8 1 1 9 2 3 2 2 2 8 8 1 2 9 1 4 1 3 2 1012411427 Wed Jan 30 12:23:47 2002
5 4 3 2 7 3 5 3 4 1 7 5 3 2 6 4 4 4 3 1 4 4 4 2 6 3 5 3 3 1 5 3 3 2 4 3 3 3 4 1 1012415555 Wed Jan 30 13:32:35 2002
2 6 7 2 9 7 6 3 5 1 2 8 2 1 9 4 1 2 2 3 1 9 2 1 9 2 2 2 1 3 1 9 1 1 9 2 1 2 1 1 1012425049 Wed Jan 30 16:10:49 2002
6 8 3 1 9 4 8 2 3 2 7 8 5 4 8 4 8 2 3 3 8 8 5 4 8 3 8 3 5 4 8 8 4 4 9 3 8 4 4 3 1012427106 Wed Jan 30 16:45:06 2002
7 4 4 4 6 4 7 4 5 5 6 4 6 7 6 6 4 6 5 4 6 5 6 6 5 7 7 7 6 5 6 7 5 5 6 7 7 6 5 6 1012584535 Fri Feb  1 12:28:55 2002
1 2 1 2 1 2 1 1 1 1 2 1 2 2 1 6 5 1 1 5 1 1 2 1 6 1 1 1 1 7 4 2 2 1 4 2 5 1 1 1 1013266745 Sat Feb  9 09:59:05 2002
5 3 2 2 8 4 6 4 2 2 3 3 2 1 9 5 6 2 2 1 2 3 2 1 9 7 8 4 1 4 2 2 3 1 9 7 6 3 1 5 1029176484 Mon Aug 12 13:21:24 2002
3 7 3 7 6 7 6 1 4 3 5 3 5 4 6 6 3 6 4 4 7 7 2 7 3 3 3 7 3 7 2 3 7 7 3 7 7 3 3 7 1030039384 Thu Aug 22 13:03:04 2002
2 3 1 1 5 1 3 2 3 4 3 4 1 2 6 2 3 2 3 1 2 3 2 1 5 3 4 3 3 2 3 2 2 2 7 5 5 2 5 1 1031366255 Fri Sep  6 21:37:35 2002
1 1 1 3 4 2 2 1 3 2 1 1 1 1 2 1 3 2 2 2 1 1 1 1 4 1 1 1 1 1 1 1 1 1 3 1 1 1 1 1 1032136066 Sun Sep 15 19:27:46 2002
6 8 3 2 7 6 4 3 1 8 7 7 3 3 7 5 5 3 2 8 6 7 7 5 7 5 6 4 7 8 7 8 3 2 6 3 5 3 2 8 1037112013 Tue Nov 12 09:40:13 2002
5 4 2 3 7 3 4 2 2 2 5 3 4 4 8 2 3 4 3 3 4 4 3 5 8 5 4 2 3 3 4 3 3 4 7 5 3 3 3 3 1042571317 Tue Jan 14 14:08:37 2003
9 7 3 4 7 6 4 2 2 1 9 7 2 3 8 2 6 2 2 1 9 6 2 3 8 3 7 2 1 1 9 7 2 4 8 7 7 2 2 1 1042574744 Tue Jan 14 15:05:44 2003
3 3 2 1 8 2 7 4 7 1 4 3 1 2 8 1 6 1 2 1 5 4 1 2 8 2 6 2 4 1 3 2 2 2 8 2 7 1 5 1 1042637396 Wed Jan 15 08:29:56 2003
6 5 4 3 7 4 5 3 5 2 5 4 3 3 5 4 2 3 4 3 4 6 3 3 7 4 4 3 3 2 4 5 3 3 7 3 5 4 3 2 1042648109 Wed Jan 15 11:28:29 2003
6 5 1 1 9 3 8 2 3 2 6 5 3 2 9 4 8 1 3 2 5 6 3 2 9 2 4 3 4 2 4 4 1 3 9 3 5 2 3 2 1042656542 Wed Jan 15 13:49:02 2003
2 2 1 1 9 2 2 2 2 1 2 2 2 2 9 2 2 2 1 1 3 2 2 3 9 2 4 2 1 1 3 2 2 2 9 2 3 2 1 1 1042657192 Wed Jan 15 13:59:52 2003
6 5 1 1 9 3 8 2 3 2 6 5 3 2 9 4 8 1 3 2 5 6 3 2 9 2 4 3 4 2 4 4 1 3 9 3 5 2 3 2 1042658294 Wed Jan 15 14:18:14 2003
3 4 3 2 7 4 2 3 1 2 4 5 3 4 6 3 3 2 3 2 5 5 3 2 6 4 4 3 2 3 4 3 2 2 6 3 3 2 4 4 1042660238 Wed Jan 15 14:50:38 2003
7 6 7 4 6 8 3 3 8 6 6 7 3 2 6 3 4 3 3 6 7 9 6 7 8 6 7 4 7 4 6 7 2 2 8 4 7 2 2 7 1042664444 Wed Jan 15 16:00:44 2003
2 6 3 1 8 4 2 5 2 2 5 4 2 3 7 4 3 1 2 4 4 6 3 2 8 5 2 4 3 5 4 6 4 2 9 5 5 4 1 1 1042675370 Wed Jan 15 19:02:50 2003
5 4 3 3 7 4 4 2 3 3 4 4 3 3 7 5 5 3 2 4 7 3 4 3 6 5 5 4 5 5 6 4 3 4 6 5 5 3 2 3 1042721737 Thu Jan 16 07:55:37 2003
5 8 4 4 8 3 7 3 6 3 7 8 4 5 7 3 7 4 6 3 8 7 6 4 8 7 6 2 6 3 6 7 5 6 7 7 8 3 5 4 1042723948 Thu Jan 16 08:32:28 2003
4 6 3 2 8 6 4 6 5 1 5 6 3 2 8 7 5 7 4 2 4 6 3 2 8 7 4 5 3 3 3 5 3 2 8 6 3 5 2 4 1042748318 Thu Jan 16 15:18:38 2003
4 5 2 2 8 3 5 3 4 6 6 5 5 4 8 4 7 1 4 4 3 7 3 3 9 6 4 3 6 5 6 4 4 2 8 4 8 4 3 1 1042748477 Thu Jan 16 15:21:17 2003
7 8 6 4 9 5 6 5 4 2 8 7 3 5 7 5 3 2 3 2 8 8 3 4 9 7 7 5 5 4 8 7 3 4 9 3 6 2 3 1 1042813125 Fri Jan 17 09:18:45 2003
2 2 3 1 5 5 2 3 3 4 5 4 4 3 7 6 5 2 3 3 2 6 3 3 7 6 2 4 3 4 4 7 5 4 6 4 1 1 3 1 1042830703 Fri Jan 17 14:11:43 2003
7 3 4 3 8 6 5 4 7 1 6 7 4 5 8 5 4 4 2 2 3 7 4 1 9 7 6 5 6 3 4 4 2 1 9 5 7 3 2 3 1042831032 Fri Jan 17 14:17:12 2003
1 1 1 1 1 1 2 2 1 1 1 1 1 1 1 1 1 1 5 9 1 1 1 1 1 1 1 1 1 2 2 2 6 7 4 5 4 1 3 2 1042832317 Fri Jan 17 14:38:37 2003
4 4 9 4 4 4 4 3 4 4 2 2 2 2 2 2 2 2 2 2 4 4 4 4 4 4 4 4 4 4 4 4 4 4 4 4 4 4 4 4 1042833645 Fri Jan 17 15:00:45 2003
8 7 5 6 9 5 8 4 6 4 8 7 5 6 9 5 8 4 6 4 8 7 5 6 9 5 8 4 6 4 8 7 5 6 9 5 8 4 6 4 1042940547 Sat Jan 18 20:42:27 2003
8 7 5 3 9 7 1 6 5 3 4 5 3 2 9 3 4 6 3 1 6 6 4 4 9 3 3 6 5 2 5 7 5 2 9 4 3 3 5 1 1043093113 Mon Jan 20 15:05:13 2003
6 4 3 1 9 5 7 2 2 5 5 4 1 5 9 2 2 3 3 5 4 5 3 2 9 6 6 6 3 5 4 4 5 2 9 3 6 1 6 6 1043106718 Mon Jan 20 18:51:58 2003
2 6 3 1 9 4 7 6 6 4 3 5 3 2 9 2 1 2 1 4 6 3 2 1 9 3 4 5 3 4 6 5 2 1 9 4 3 2 3 3 1043113799 Mon Jan 20 20:49:59 2003
8 5 5 3 7 6 6 4 5 3 5 5 3 5 7 6 4 3 3 4 9 6 4 3 8 3 2 3 4 1 7 7 3 3 6 4 3 4 4 2 1043126842 Tue Jan 21 00:27:22 2003
5 3 4 3 7 3 7 3 3 1 7 4 3 3 8 2 6 3 1 3 6 6 3 2 7 4 3 3 3 2 6 5 2 3 7 3 3 3 2 3 1043535371 Sat Jan 25 17:56:11 2003
5 5 2 3 6 4 5 3 2 2 6 6 3 3 7 4 5 3 4 3 7 5 3 2 6 4 4 3 4 3 7 6 3 4 6 3 6 4 3 4 1045853778 Fri Feb 21 13:56:18 2003
4 3 2 2 7 7 3 3 5 4 3 3 4 2 7 5 4 1 2 3 5 4 3 2 7 3 3 3 3 2 4 4 2 2 6 5 3 3 2 2 1046315487 Wed Feb 26 22:11:27 2003
2 3 3 1 7 5 5 2 3 2 2 5 2 1 7 2 4 2 3 1 3 3 2 1 7 2 4 3 3 1 2 3 2 1 7 3 5 2 4 1 1055989399 Wed Jun 18 21:23:19 2003
6 5 5 5 7 5 6 7 4 6 1 9 6 5 5 6 5 4 5 6 9 6 6 3 6 6 9 4 5 5 7 5 3 6 7 7 7 6 5 6 1056641336 Thu Jun 26 10:28:56 2003
6 6 2 4 8 7 6 5 4 4 5 4 6 5 4 5 6 5 3 6 4 5 3 3 3 5 5 4 3 3 8 2 8 4 8 8 6 5 4 3 1059964706 Sun Aug  3 21:38:26 2003
3 7 3 5 8 4 2 3 3 3 4 3 4 3 5 3 4 2 3 3 2 5 4 3 8 2 3 3 3 4 4 6 3 3 8 5 3 3 2 1 1063048653 Mon Sep  8 14:17:33 2003
6 8 3 5 7 5 5 4 4 6 6 5 3 4 7 4 3 2 4 3 6 7 4 3 6 3 5 2 4 4 6 6 3 2 6 4 2 1 2 2 1066128379 Tue Oct 14 05:46:19 2003
6 8 3 5 7 5 5 4 4 6 6 5 3 4 7 4 3 2 4 3 6 7 4 3 6 3 5 2 4 4 6 6 3 2 6 4 2 1 2 2 1066129204 Tue Oct 14 06:00:04 2003
6 8 3 5 7 5 5 4 4 6 6 5 3 4 7 4 3 2 4 3 6 7 4 3 6 3 5 2 4 4 6 6 3 2 6 4 2 1 2 2 1066129208 Tue Oct 14 06:00:08 2003
4 4 3 2 8 3 3 4 3 3 3 4 2 2 8 4 3 4 3 2 3 3 3 2 8 3 2 3 3 3 3 4 2 2 8 4 4 3 2 3 1070483922 Wed Dec  3 15:38:42 2003
2 1 2 1 5 4 3 1 3 3 1 1 1 3 6 4 3 1 2 5 1 2 2 1 7 6 3 3 1 2 2 1 2 1 7 6 3 2 1 3 1070484171 Wed Dec  3 15:42:51 2003
4 4 2 2 7 2 3 2 3 1 4 6 2 2 9 4 3 2 2 1 7 7 2 1 9 4 6 3 4 1 8 7 3 3 9 7 5 2 4 2 1073410867 Tue Jan  6 12:41:07 2004
8 7 3 2 9 4 4 2 3 1 6 7 4 2 9 3 4 4 3 1 8 6 3 2 9 3 5 2 2 1 7 6 3 2 9 2 4 3 2 1 1073414570 Tue Jan  6 13:42:50 2004
6 3 2 4 7 3 3 2 2 2 6 4 2 3 7 4 5 3 2 5 5 4 3 4 7 4 4 1 3 4 4 2 4 3 7 5 5 1 2 4 1074184151 Thu Jan 15 11:29:11 2004
4 6 2 1 7 2 3 1 1 2 6 4 2 1 5 2 2 1 2 1 4 5 2 2 6 2 2 1 2 2 6 3 2 2 4 1 3 1 1 1 1076874762 Sun Feb 15 14:52:42 2004
3 1 3 1 1 2 1 3 5 2 5 5 4 5 1 1 2 2 1 3 3 6 3 4 1 2 1 1 1 2 5 4 6 4 1 1 1 1 1 6 1077209317 Thu Feb 19 11:48:37 2004
7 6 3 4 8 5 4 3 4 4 7 7 4 4 6 4 3 5 4 4 7 7 4 4 7 5 3 5 4 3 8 7 4 3 6 4 4 3 3 3 1083311138 Fri Apr 30 02:45:38 2004
6 4 5 5 8 3 6 3 2 2 3 8 2 3 4 3 3 5 3 5 3 7 4 4 4 6 1 3 3 2 2 3 5 4 4 4 2 4 2 2 1096910642 Mon Oct  4 12:24:02 2004
1 1 9 9 1 9 1 9 9 9 9 9 9 9 9 1 1 1 1 9 9 1 9 9 1 9 9 9 9 1 1 9 1 1 9 1 1 1 1 9 1097153645 Thu Oct  7 07:54:05 2004
3 4 1 2 6 1 1 2 1 2 4 4 3 3 5 3 3 2 2 4 4 3 3 3 4 4 3 4 3 3 3 4 3 3 4 4 3 3 3 3 1099267328 Sun Oct 31 19:02:08 2004
3 3 1 3 7 5 6 3 5 4 3 3 1 4 9 5 5 3 3 6 3 4 3 4 9 4 4 3 1 3 5 5 4 4 9 2 5 2 3 5 1100899123 Fri Nov 19 16:18:43 2004
5 4 2 3 5 5 5 3 1 4 4 4 3 3 5 3 2 2 4 4 3 3 3 2 6 3 5 4 5 4 3 4 3 3 4 3 4 3 3 5 1102518324 Wed Dec  8 10:05:24 2004
1 1 1 1 9 9 1 1 1 1 1 1 1 1 9 9 1 1 1 9 1 1 1 1 9 9 1 1 1 1 1 1 1 1 9 1 1 1 1 1 1104946034 Wed Jan  5 12:27:14 2005
4 6 4 1 8 4 6 1 3 2 6 8 7 2 8 6 7 5 3 3 5 6 4 1 9 7 7 2 2 5 5 6 2 1 8 6 7 5 2 3 1105492796 Tue Jan 11 20:19:56 2005
6 3 3 3 7 2 4 2 3 1 8 4 3 6 6 2 8 2 3 1 6 3 2 1 4 1 3 2 1 2 3 2 1 3 2 2 4 2 1 1 1105503335 Tue Jan 11 23:15:35 2005
8 5 6 6 8 5 4 4 3 1 7 6 6 6 7 4 4 1 4 2 6 8 5 3 8 6 4 3 2 3 7 7 5 5 8 6 6 2 2 3 1105547652 Wed Jan 12 11:34:12 2005
4 4 2 2 5 2 3 2 1 3 5 5 3 4 6 4 3 3 3 3 3 4 4 3 5 4 5 2 3 4 6 6 4 3 6 4 4 2 3 6 1105558268 Wed Jan 12 14:31:08 2005
2 6 5 2 7 4 5 3 5 3 4 3 3 2 5 4 5 1 2 2 3 3 3 2 6 4 5 2 2 2 3 3 2 3 3 2 6 3 3 2 1105628518 Thu Jan 13 10:01:58 2005
2 4 3 2 7 4 4 3 4 2 3 4 2 2 7 2 3 3 3 2 2 4 2 3 7 3 3 4 2 3 3 3 2 2 7 3 3 3 3 2 1105629575 Thu Jan 13 10:19:35 2005
1 1 1 1 1 1 1 1 1 1 1 1 1 1 1 1 1 1 1 1 1 1 1 1 1 1 1 1 1 1 1 1 1 1 1 1 1 1 1 1 1105630304 Thu Jan 13 10:31:44 2005
7 6 3 5 6 4 6 4 5 3 6 7 4 4 6 5 7 4 5 6 6 6 4 3 6 5 5 4 3 5 4 5 4 3 6 4 5 4 3 4 1105670181 Thu Jan 13 21:36:21 2005
3 5 3 2 9 4 5 3 2 1 8 7 3 4 9 5 4 4 3 4 5 7 3 2 9 4 3 4 4 4 7 6 2 1 9 5 5 3 1 3 1105732329 Fri Jan 14 14:52:09 2005
6 5 4 7 7 2 7 3 3 1 7 6 3 5 7 3 8 3 4 1 7 6 3 2 4 3 7 3 2 1 6 5 3 3 7 4 5 2 3 1 1105806770 Sat Jan 15 11:32:50 2005
5 7 2 2 8 4 4 4 5 1 6 8 4 2 7 2 5 3 6 2 4 6 4 2 8 6 6 3 7 1 8 8 4 1 9 5 6 3 5 4 1105807086 Sat Jan 15 11:38:06 2005
6 5 4 7 7 2 7 3 3 1 7 6 3 5 7 3 8 3 4 1 7 6 3 2 6 3 7 3 2 1 6 5 3 3 7 4 6 2 3 1 1105811053 Sat Jan 15 12:44:13 2005
4 6 8 2 8 5 4 3 4 4 6 5 5 3 8 6 4 2 2 5 4 6 8 6 9 5 4 2 1 9 5 6 4 4 8 6 3 2 2 5 1105904036 Sun Jan 16 14:33:56 2005
3 5 6 2 9 4 7 5 3 1 5 7 6 3 8 4 5 4 2 1 6 7 6 4 8 5 7 6 3 1 5 6 4 3 9 3 7 2 3 1 1105908795 Sun Jan 16 15:53:15 2005
3 5 6 2 9 4 7 5 3 1 5 7 6 3 8 4 5 5 3 1 6 7 6 4 8 5 7 6 3 1 5 6 4 3 9 3 7 2 3 1 1105911444 Sun Jan 16 16:37:24 2005
9 4 1 5 6 3 8 1 4 3 7 8 3 3 4 3 1 3 2 4 5 6 1 1 5 2 1 1 1 1 9 6 1 1 4 1 3 1 1 1 1105936010 Sun Jan 16 23:26:50 2005
1 1 1 1 3 8 5 1 1 1 1 1 1 1 7 8 2 5 1 1 1 1 1 1 6 8 1 5 1 1 1 1 1 1 7 7 1 6 1 1 1105983506 Mon Jan 17 12:38:26 2005
3 3 1 2 7 5 4 2 2 1 5 6 2 3 7 3 6 3 2 5 4 3 2 3 6 5 6 3 1 6 3 4 2 3 6 5 5 2 1 1 1105984116 Mon Jan 17 12:48:36 2005
5 7 1 1 8 1 7 2 2 1 7 6 1 2 9 1 4 1 3 1 7 7 1 2 9 2 6 1 2 1 6 7 1 6 8 3 5 2 5 1 1106000163 Mon Jan 17 17:16:03 2005
6 5 3 3 8 4 4 3 4 2 7 9 5 3 8 5 3 3 3 3 8 8 3 3 8 5 6 4 4 3 8 7 4 3 8 3 5 2 4 3 1106018830 Mon Jan 17 22:27:10 2005
5 3 4 2 9 2 7 5 6 1 5 3 4 5 9 4 7 4 3 1 5 5 2 4 9 4 7 3 6 1 6 6 3 5 9 4 8 4 3 1 1106026852 Tue Jan 18 00:40:52 2005
1 1 2 1 8 9 4 3 1 1 1 1 1 1 9 8 6 2 1 1 1 1 1 1 9 8 7 5 1 1 1 1 1 1 9 7 5 4 1 1 1106058675 Tue Jan 18 09:31:15 2005
5 6 4 5 8 4 4 3 2 1 6 6 4 5 9 5 7 2 4 1 4 7 3 3 9 6 6 5 3 1 3 3 4 1 9 4 3 2 3 2 1106061000 Tue Jan 18 10:10:00 2005
5 6 4 5 8 4 4 3 2 1 6 6 4 5 9 5 7 2 4 1 4 7 3 3 9 6 6 5 3 1 3 3 4 1 9 4 3 2 3 2 1106062126 Tue Jan 18 10:28:46 2005
1 1 3 1 7 8 5 4 2 1 2 2 2 1 6 7 5 3 1 1 2 2 2 1 7 7 3 5 1 1 2 2 2 1 8 7 5 3 1 1 1106062612 Tue Jan 18 10:36:52 2005
2 1 1 1 3 2 2 1 2 1 2 2 1 2 4 2 3 1 1 1 2 2 1 2 4 1 3 1 2 1 2 2 1 2 3 1 3 1 2 1 1106276620 Thu Jan 20 22:03:40 2005
3 5 4 3 8 7 7 5 6 1 3 5 4 4 9 7 6 3 4 3 4 4 5 4 9 2 7 4 5 4 4 5 5 4 9 7 8 6 1 4 1108669785 Thu Feb 17 14:49:45 2005
1 1 1 1 1 1 1 1 1 1 1 1 1 1 1 1 1 1 1 1 1 1 1 1 1 1 1 1 1 1 1 1 1 1 1 1 1 1 1 1 1109109353 Tue Feb 22 16:55:53 2005
6 5 2 3 8 7 8 3 4 3 6 5 3 2 8 4 8 5 4 3 7 6 3 3 8 5 7 4 4 3 6 5 4 3 7 5 8 3 3 2 1114659474 Wed Apr 27 22:37:54 2005
4 4 7 4 4 6 4 4 2 4 6 3 3 3 5 3 5 3 2 6 3 5 4 5 3 3 4 5 5 3 5 4 7 6 6 5 4 5 3 5 1115684162 Mon May  9 19:16:02 2005
2 4 2 1 8 3 4 3 2 2 2 3 4 2 7 3 5 2 2 5 1 6 4 1 8 3 5 2 3 7 1 5 3 2 6 4 6 2 4 5 1120161697 Thu Jun 30 15:01:37 2005
3 4 2 4 2 3 2 2 3 4 3 3 4 4 4 3 4 2 2 3 3 2 4 3 2 4 3 4 3 4 3 6 1 3 5 2 3 3 3 4 1121474429 Fri Jul 15 19:40:29 2005
5 7 3 3 8 6 2 6 6 2 4 7 6 3 8 3 7 3 5 4 2 7 6 2 9 5 4 7 3 4 3 7 3 2 8 7 3 2 2 1 1124549850 Sat Aug 20 09:57:30 2005
7 1 6 3 9 5 8 3 2 4 8 1 7 2 9 6 8 5 3 5 5 8 2 3 9 6 4 1 6 7 8 4 6 3 9 5 7 1 2 6 1132325613 Fri Nov 18 09:53:33 2005
3 3 2 2 6 3 1 3 3 2 3 4 1 1 3 2 1 3 2 2 3 2 2 2 3 2 2 3 1 3 2 3 3 2 4 3 2 3 2 2 1133430772 Thu Dec  1 04:52:52 2005
9 4 4 2 9 5 4 4 4 2 9 3 9 2 9 9 9 3 3 7 9 9 5 4 9 6 9 7 9 9 4 4 4 2 9 9 9 2 5 7 1139949925 Tue Feb 14 15:45:25 2006
5 6 4 4 8 7 7 4 3 2 5 8 4 4 6 7 6 7 4 4 5 8 7 4 7 8 4 4 4 6 4 3 6 3 8 7 4 4 3 3 1142576240 Fri Mar 17 01:17:20 2006
3 3 5 2 9 4 3 4 2 2 3 4 5 1 7 4 3 4 3 2 4 4 3 2 6 6 2 5 2 2 4 5 4 2 6 4 2 5 2 2 1144207045 Tue Apr  4 23:17:25 2006
3 6 2 1 6 3 3 2 5 2 3 5 3 2 4 2 2 2 2 3 4 4 3 4 5 2 2 2 1 3 3 4 3 2 5 2 2 1 1 2 1150900957 Wed Jun 21 10:42:37 2006
2 4 5 3 8 6 7 2 3 2 1 4 5 2 7 5 7 5 3 3 3 6 7 2 7 3 7 3 2 3 2 6 6 1 7 3 8 5 1 4 1153842508 Tue Jul 25 11:48:28 2006
2 6 2 1 6 5 5 4 1 2 3 6 3 1 7 4 5 5 3 2 3 5 4 6 7 6 6 3 1 1 4 4 4 2 7 4 5 3 2 1 1156865331 Tue Aug 29 11:28:51 2006
4 6 3 3 5 5 3 2 4 5 4 5 3 4 6 6 6 3 4 4 4 5 2 2 6 3 3 5 3 6 5 3 3 2 6 4 4 3 3 4 1156868321 Tue Aug 29 12:18:41 2006
4 6 3 3 5 5 3 2 4 5 4 5 3 4 6 6 6 3 4 4 4 5 2 2 6 3 3 5 3 6 5 3 3 2 6 4 4 3 3 4 1156869054 Tue Aug 29 12:30:54 2006
5 4 2 2 8 6 5 1 2 1 4 3 2 5 8 7 7 2 3 2 3 3 2 1 7 8 7 2 2 1 5 4 2 3 8 8 4 2 2 1 1156872984 Tue Aug 29 13:36:24 2006
4 5 3 1 8 7 2 5 2 4 4 6 5 1 9 5 2 5 2 2 4 5 4 2 9 5 3 6 2 1 3 3 4 1 9 5 2 6 2 4 1156873263 Tue Aug 29 13:41:03 2006
2 3 1 3 9 6 7 3 3 4 8 5 3 4 9 8 7 3 2 5 3 7 6 1 9 8 7 5 2 4 7 6 2 1 9 8 7 3 3 4 1156881619 Tue Aug 29 16:00:19 2006
2 4 2 3 7 6 6 4 2 2 5 6 4 3 6 8 6 3 5 3 2 2 3 3 7 5 6 2 3 3 2 7 4 2 7 7 7 4 3 2 1156883379 Tue Aug 29 16:29:39 2006
3 4 3 2 7 4 3 4 3 1 5 4 2 3 7 3 3 4 4 3 2 3 3 2 7 4 3 4 2 2 3 3 3 1 7 3 2 2 1 1 1156883574 Tue Aug 29 16:32:54 2006
8 7 4 5 9 4 7 3 5 2 8 7 4 5 9 4 7 3 5 2 8 7 4 5 9 4 7 3 5 2 8 7 4 5 9 4 7 3 5 2 1156885503 Tue Aug 29 17:05:03 2006
4 5 4 1 9 6 3 5 3 3 4 5 4 1 9 6 3 4 2 3 4 5 3 1 9 6 3 4 2 3 3 5 4 1 9 5 3 5 2 3 1156895870 Tue Aug 29 19:57:50 2006
3 5 2 1 7 1 4 1 2 1 3 5 1 2 7 1 4 1 2 3 3 3 1 2 8 2 4 1 3 3 4 3 4 2 8 2 5 3 3 1 1156898597 Tue Aug 29 20:43:17 2006
9 7 5 1 8 3 7 4 2 2 9 7 5 3 5 6 5 5 6 1 9 6 5 4 7 5 6 3 4 4 7 6 3 3 6 5 5 2 3 2 1156900394 Tue Aug 29 21:13:14 2006
2 5 3 1 8 5 7 3 4 2 3 7 3 2 7 8 2 3 3 1 6 4 5 2 8 7 4 2 2 2 4 7 3 3 8 5 5 4 2 2 1156904692 Tue Aug 29 22:24:52 2006
8 6 3 2 7 4 6 4 3 2 8 6 3 1 9 5 4 3 3 2 7 7 3 2 9 4 4 2 2 2 8 7 3 1 9 5 4 2 2 4 1156949750 Wed Aug 30 10:55:50 2006
1 1 1 1 3 2 1 1 1 1 1 1 1 1 3 2 2 1 1 1 1 1 1 1 3 2 2 2 1 1 1 1 1 1 3 2 2 1 1 1 1156959749 Wed Aug 30 13:42:29 2006
3 4 4 2 8 5 3 4 3 3 4 4 5 4 8 4 3 4 3 3 3 4 4 5 8 7 4 5 6 3 4 3 3 1 8 6 5 4 3 4 1156963459 Wed Aug 30 14:44:19 2006
1 1 1 1 1 1 1 1 1 1 1 1 1 1 1 1 1 1 1 1 1 1 1 1 1 1 1 1 1 1 1 1 1 1 1 1 1 1 1 1 1156968551 Wed Aug 30 16:09:11 2006
3 1 1 1 5 1 1 1 1 1 3 1 1 1 5 1 1 1 1 3 3 3 1 1 5 1 1 1 1 1 3 3 1 1 5 1 1 1 1 1 1156978951 Wed Aug 30 19:02:31 2006
5 6 6 2 7 4 8 5 3 1 6 6 6 5 8 5 6 6 2 4 9 8 6 8 8 4 2 4 4 2 8 7 3 4 8 6 5 2 3 1 1156989993 Wed Aug 30 22:06:33 2006
8 7 5 7 8 7 6 3 5 1 9 7 6 5 8 7 6 5 5 2 8 9 3 4 9 4 6 2 6 2 7 7 3 7 7 2 5 4 4 3 1156991799 Wed Aug 30 22:36:39 2006
2 3 1 1 8 4 2 1 1 1 3 4 2 1 5 1 1 2 1 1 4 3 4 1 5 3 1 3 3 1 3 5 3 1 5 3 5 3 1 1 1157045741 Thu Aug 31 13:35:41 2006
5 4 2 3 7 2 5 3 4 1 3 2 1 2 8 1 4 1 4 1 5 2 1 1 8 1 4 1 4 2 7 4 1 4 9 2 5 1 2 1 1157049437 Thu Aug 31 14:37:17 2006
5 5 5 5 5 5 5 5 5 5 5 5 5 5 5 5 5 5 5 5 5 5 5 5 5 5 5 5 5 5 5 5 5 5 5 5 5 5 5 5 1157053630 Thu Aug 31 15:47:10 2006
1 2 1 1 7 5 1 1 1 1 1 2 1 1 6 6 1 1 1 1 1 2 1 1 6 1 1 1 1 1 1 2 1 1 6 1 1 1 1 1 1157061033 Thu Aug 31 17:50:33 2006
9 8 3 6 8 5 4 2 4 2 7 9 4 7 9 6 9 2 3 1 7 8 4 5 9 7 8 4 5 1 7 7 3 5 9 7 7 5 6 2 1157072022 Thu Aug 31 20:53:42 2006
7 7 5 3 8 5 8 5 6 2 7 8 5 5 9 6 6 5 7 2 7 8 4 5 9 5 7 4 5 3 8 8 4 5 9 5 8 4 5 3 1157118840 Fri Sep  1 09:54:00 2006
3 7 4 2 8 5 7 2 7 3 3 5 3 4 8 4 4 5 6 4 3 5 4 3 8 4 7 4 4 3 3 4 3 3 8 6 7 5 4 5 1157130706 Fri Sep  1 13:11:46 2006
6 7 3 4 8 2 5 3 4 1 7 7 2 4 8 4 6 2 3 5 7 7 6 4 8 7 5 3 4 2 6 7 3 4 7 4 7 3 5 1 1157131144 Fri Sep  1 13:19:04 2006
2 3 1 1 7 2 3 4 3 2 4 2 2 3 9 1 1 3 2 1 2 5 5 2 9 4 2 3 1 2 6 4 2 2 6 4 4 3 2 1 1157150553 Fri Sep  1 18:42:33 2006
4 7 5 3 9 4 7 4 3 1 8 6 3 4 9 5 7 3 1 3 8 7 5 5 9 5 2 4 3 3 8 6 2 2 9 2 4 1 2 1 1157152213 Fri Sep  1 19:10:13 2006
2 2 3 1 7 5 5 2 3 2 4 6 4 3 5 3 4 3 2 2 4 4 3 2 7 3 2 3 3 3 6 7 3 3 7 3 4 3 3 1 1157156632 Fri Sep  1 20:23:52 2006
6 4 5 4 8 5 2 4 1 1 4 3 4 2 8 2 5 2 3 1 5 6 3 2 8 5 3 2 4 1 4 5 2 2 6 2 3 4 1 1 1157161007 Fri Sep  1 21:36:47 2006
4 6 3 1 7 3 1 2 1 1 6 8 3 1 9 3 1 6 1 1 6 7 4 1 9 4 2 4 1 1 8 7 3 3 9 4 6 2 2 1 1157220734 Sat Sep  2 14:12:14 2006
5 4 3 2 7 5 5 6 3 3 6 5 3 4 7 5 3 4 4 4 5 6 4 4 7 5 4 4 3 3 5 5 4 3 7 5 3 5 4 3 1157225168 Sat Sep  2 15:26:08 2006
5 8 4 1 9 3 1 2 1 1 9 8 3 1 9 2 3 2 2 3 9 8 3 1 9 2 3 1 2 1 8 8 3 2 9 3 3 1 2 1 1157226395 Sat Sep  2 15:46:35 2006
5 5 1 2 7 3 3 4 4 1 5 4 3 3 8 5 5 5 3 2 5 4 1 2 7 5 6 2 2 2 4 4 2 2 8 6 6 2 2 1 1157228999 Sat Sep  2 16:29:59 2006
4 7 4 6 3 5 1 6 3 3 4 5 3 5 2 3 2 3 2 1 4 7 5 4 5 4 3 3 5 2 6 8 3 3 5 4 2 3 5 4 1157231124 Sat Sep  2 17:05:24 2006
8 4 5 4 7 3 8 1 2 1 5 4 3 6 7 3 2 3 2 1 5 5 3 2 6 4 2 3 6 4 3 4 3 2 4 5 4 2 1 2 1157231794 Sat Sep  2 17:16:34 2006
1 1 1 2 5 1 2 1 2 1 2 2 1 2 4 1 2 1 2 1 2 3 1 2 5 1 3 1 1 1 2 2 1 1 4 1 2 1 2 1 1157250120 Sat Sep  2 22:22:00 2006
4 4 2 3 6 3 3 2 3 2 4 4 2 3 6 2 3 2 3 3 4 5 2 3 6 3 4 2 3 3 4 4 2 3 6 3 4 2 4 3 1157250494 Sat Sep  2 22:28:14 2006
2 2 3 1 7 3 1 2 1 1 2 3 2 1 8 2 1 2 1 1 3 3 2 1 7 4 1 2 1 1 2 4 3 1 8 3 1 2 1 3 1157309714 Sun Sep  3 14:55:14 2006
4 6 2 3 8 6 7 2 4 1 5 6 3 3 7 6 6 3 4 2 6 6 4 3 7 5 5 3 3 3 5 8 3 3 7 5 6 3 4 4 1157313564 Sun Sep  3 15:59:24 2006
3 3 3 3 7 4 3 6 7 3 3 6 4 3 6 6 5 3 6 6 4 6 6 3 4 6 7 5 3 6 3 6 6 3 7 4 3 7 7 5 1157323431 Sun Sep  3 18:43:51 2006
4 8 6 2 8 7 8 4 4 1 7 8 4 4 8 6 6 5 4 4 6 6 4 4 8 5 5 3 3 3 6 7 4 4 8 4 5 3 3 4 1157329805 Sun Sep  3 20:30:05 2006
3 5 2 1 7 6 3 3 3 1 4 6 3 1 8 6 3 4 3 1 3 5 3 1 8 6 3 4 2 1 4 4 3 1 8 7 3 2 2 1 1157339891 Sun Sep  3 23:18:11 2006
9 9 1 1 9 1 1 1 1 1 9 9 1 1 9 1 1 1 1 1 9 9 1 1 9 1 1 1 1 1 9 9 1 1 9 1 1 1 1 1 1157340529 Sun Sep  3 23:28:49 2006
8 6 4 5 8 5 7 3 2 2 7 6 4 5 8 6 7 6 4 4 6 7 5 4 8 5 5 4 4 4 6 5 5 2 8 5 5 4 3 2 1157384905 Mon Sep  4 11:48:25 2006
7 5 2 4 8 4 5 3 3 3 6 6 3 3 8 5 6 3 3 3 2 2 1 1 8 5 4 2 1 1 6 2 1 3 9 7 8 3 3 1 1157385459 Mon Sep  4 11:57:39 2006
4 3 3 1 5 4 6 4 1 3 4 3 4 3 5 3 3 4 1 2 4 3 3 1 4 4 6 4 1 5 4 6 4 1 6 3 5 3 1 4 1157385970 Mon Sep  4 12:06:10 2006
3 3 2 2 7 5 6 2 2 4 3 4 2 2 4 5 6 2 3 5 3 3 3 2 5 6 3 3 1 6 3 4 2 2 4 5 2 2 2 6 1157386503 Mon Sep  4 12:15:03 2006
2 3 1 1 4 4 6 5 2 1 2 4 2 3 5 7 5 5 2 3 3 4 4 3 6 7 5 6 4 3 6 5 5 2 6 5 4 7 3 4 1157390126 Mon Sep  4 13:15:26 2006
6 6 3 6 6 6 3 1 6 6 6 6 6 6 6 6 6 6 6 6 5 5 5 5 5 5 5 5 5 5 5 5 5 5 5 5 5 5 5 5 1157390351 Mon Sep  4 13:19:11 2006
4 4 1 3 7 1 5 2 2 2 6 8 1 2 7 2 2 1 4 2 6 7 2 3 8 4 3 2 3 4 7 7 3 3 8 3 3 2 2 2 1157391156 Mon Sep  4 13:32:36 2006
6 8 8 8 8 8 8 9 8 9 4 5 7 7 6 7 6 8 8 8 4 8 7 8 7 3 5 3 6 9 3 5 9 8 4 5 4 8 7 1 1157392535 Mon Sep  4 13:55:35 2006
4 3 2 2 8 4 5 4 3 1 4 5 1 2 9 3 4 2 4 1 3 4 2 3 9 5 4 2 1 3 2 3 2 2 9 5 4 1 1 4 1157393246 Mon Sep  4 14:07:26 2006
5 5 1 4 7 2 3 1 2 2 7 6 4 3 8 4 3 3 3 4 6 5 5 4 7 5 4 5 4 4 7 6 4 4 7 4 4 4 3 3 1157394867 Mon Sep  4 14:34:27 2006
6 6 3 5 5 3 3 2 4 3 7 7 3 3 7 4 5 3 4 1 7 6 3 4 8 5 6 4 5 1 7 7 3 6 8 5 6 5 4 3 1157396381 Mon Sep  4 14:59:41 2006
4 4 3 3 6 2 7 2 3 2 4 2 3 3 8 4 6 3 3 5 4 7 2 3 8 4 3 2 2 3 7 5 3 4 8 6 6 2 3 2 1157397453 Mon Sep  4 15:17:33 2006
7 8 3 3 9 6 5 4 2 2 6 6 5 5 9 7 5 4 3 4 7 8 5 4 8 6 4 4 4 6 7 8 5 5 8 4 6 4 4 2 1157398047 Mon Sep  4 15:27:27 2006
8 8 6 6 7 4 5 5 6 3 7 8 6 6 7 5 6 4 5 3 7 8 5 6 7 4 5 6 6 3 6 8 5 6 7 4 5 6 6 3 1157399473 Mon Sep  4 15:51:13 2006
3 5 3 3 8 4 7 4 1 2 5 5 5 4 9 6 8 5 3 3 3 6 3 4 8 4 8 5 4 5 4 6 4 5 9 6 7 5 4 5 1157400988 Mon Sep  4 16:16:28 2006
3 2 2 2 7 2 4 2 3 1 5 4 5 5 6 4 3 2 1 2 5 5 2 2 6 4 3 5 4 3 5 4 2 3 6 4 4 3 3 1 1157401587 Mon Sep  4 16:26:27 2006
2 6 4 1 9 3 8 3 5 3 3 5 4 4 8 4 6 1 3 4 4 4 4 3 8 5 6 5 5 3 3 6 3 6 7 4 2 4 4 5 1157402466 Mon Sep  4 16:41:06 2006
4 7 3 2 7 5 5 6 2 1 5 7 3 4 9 5 7 3 3 1 6 8 3 2 9 7 6 6 4 3 6 5 3 2 8 6 6 4 1 1 1157404145 Mon Sep  4 17:09:05 2006
7 4 2 3 6 5 3 3 4 1 2 3 3 5 7 3 4 3 3 1 3 3 3 1 4 4 3 4 5 1 3 3 2 2 5 3 5 2 4 1 1157405250 Mon Sep  4 17:27:30 2006
6 7 4 5 8 7 6 5 6 6 6 5 3 5 8 6 4 3 4 5 6 7 4 5 8 6 6 5 3 5 4 7 2 3 8 6 5 3 4 5 1157409099 Mon Sep  4 18:31:39 2006
5 4 6 2 8 5 8 4 2 2 4 3 5 3 8 5 5 2 3 2 5 2 4 2 8 5 8 2 2 2 5 3 5 2 8 5 8 2 2 2 1157410660 Mon Sep  4 18:57:40 2006
7 6 3 3 8 7 7 3 2 1 7 6 1 3 8 6 5 3 2 4 8 7 1 4 8 6 7 3 3 2 8 8 2 3 8 5 4 2 3 1 1157411110 Mon Sep  4 19:05:10 2006
7 4 2 3 6 5 3 3 4 1 2 3 3 5 7 3 4 3 3 1 3 3 3 1 4 4 3 4 5 1 3 3 2 2 5 3 5 2 4 1 1157411430 Mon Sep  4 19:10:30 2006
3 6 2 1 8 3 4 2 5 3 4 4 1 2 8 2 4 2 3 1 6 4 2 1 8 2 3 3 3 3 5 4 2 1 8 1 3 1 2 1 1157412140 Mon Sep  4 19:22:20 2006
5 6 4 2 7 2 5 4 3 1 7 8 3 3 7 5 4 4 3 2 8 7 5 4 8 5 4 6 4 3 8 8 4 3 8 4 5 4 4 2 1157412320 Mon Sep  4 19:25:20 2006
3 3 3 3 7 4 4 3 3 2 4 3 2 2 7 3 3 2 3 2 3 3 3 2 7 3 3 2 3 2 3 3 3 3 7 2 3 2 3 2 1157412377 Mon Sep  4 19:26:17 2006
4 6 3 3 9 4 3 4 2 4 3 6 3 5 9 3 5 2 4 3 2 7 3 4 9 2 4 3 1 4 5 6 2 3 9 3 3 2 3 4 1157412547 Mon Sep  4 19:29:07 2006
8 9 8 9 9 8 9 8 9 8 8 8 8 7 8 7 7 8 7 7 7 8 8 6 7 6 7 6 8 7 7 6 7 8 7 6 6 7 8 6 1157412946 Mon Sep  4 19:35:46 2006
5 2 2 3 6 4 2 3 3 4 4 3 4 5 3 4 5 2 2 3 3 4 4 3 6 3 4 2 2 3 5 3 3 3 6 2 3 2 3 4 1157413082 Mon Sep  4 19:38:02 2006
3 4 2 2 7 3 1 3 2 1 3 4 3 1 7 4 3 2 3 1 4 5 2 2 7 2 3 2 3 1 3 4 3 2 8 3 2 2 3 1 1157413100 Mon Sep  4 19:38:20 2006
4 5 4 3 7 5 5 4 4 3 6 6 5 3 8 4 6 5 3 5 6 5 4 3 6 3 6 4 4 3 6 6 2 3 8 5 5 2 2 4 1157413780 Mon Sep  4 19:49:40 2006
4 5 4 3 7 5 5 4 4 3 6 6 5 3 8 4 6 5 3 5 6 5 4 3 6 3 6 4 4 3 6 6 2 3 8 5 5 2 2 4 1157413781 Mon Sep  4 19:49:41 2006
4 3 4 2 7 4 8 3 5 3 3 3 4 4 7 6 7 4 3 5 3 3 4 4 7 6 7 3 4 5 3 4 4 4 5 4 8 4 3 6 1157414637 Mon Sep  4 20:03:57 2006
3 4 3 2 8 5 4 2 3 2 3 5 3 3 9 7 8 2 2 3 4 6 3 2 9 7 5 3 2 4 6 7 3 2 9 7 8 3 3 4 1157415093 Mon Sep  4 20:11:33 2006
4 3 2 2 6 3 5 3 3 2 4 5 3 2 6 3 3 3 1 2 3 5 3 3 5 4 5 3 2 2 2 4 2 1 4 3 4 3 3 2 1157415812 Mon Sep  4 20:23:32 2006
3 1 1 1 5 1 1 1 3 1 1 1 1 1 7 1 1 1 1 1 1 4 1 1 7 1 1 1 1 3 1 3 1 1 4 1 1 1 1 1 1157417803 Mon Sep  4 20:56:43 2006
1 5 1 1 6 2 2 1 1 1 2 1 1 1 4 2 3 1 1 1 1 1 1 1 4 2 1 1 1 1 1 1 1 1 4 1 2 1 1 1 1157418035 Mon Sep  4 21:00:35 2006
2 3 2 2 6 1 5 3 2 2 2 2 3 2 5 1 1 1 2 1 2 4 1 1 5 3 1 2 1 2 2 4 2 1 6 2 1 1 2 3 1157418769 Mon Sep  4 21:12:49 2006
6 3 2 5 8 1 7 4 3 2 7 6 3 7 8 4 8 3 4 2 8 7 2 6 8 5 7 3 2 3 7 7 3 7 8 3 8 2 1 3 1157419408 Mon Sep  4 21:23:28 2006
4 2 2 2 7 2 4 2 1 1 5 2 2 3 6 2 4 2 2 1 6 3 2 2 7 2 5 2 2 1 5 2 2 4 7 3 6 2 2 1 1157421019 Mon Sep  4 21:50:19 2006
1 2 2 2 4 2 1 2 3 3 4 3 3 4 8 2 4 3 2 1 4 5 8 4 9 6 3 5 4 4 5 4 5 5 3 7 7 6 5 8 1157421701 Mon Sep  4 22:01:41 2006
3 5 2 2 8 6 5 3 4 2 5 6 2 3 5 4 2 4 1 3 4 4 3 3 7 3 6 2 3 4 4 7 3 1 8 7 3 2 1 3 1157421824 Mon Sep  4 22:03:44 2006
4 6 3 1 6 6 1 4 1 1 7 3 4 2 6 4 7 5 4 5 6 6 4 6 8 4 8 4 3 3 7 6 4 6 8 5 7 4 2 1 1157422046 Mon Sep  4 22:07:26 2006
8 8 3 7 6 7 7 6 4 8 8 9 3 5 7 6 6 5 3 4 8 7 6 4 7 6 4 3 6 4 5 5 4 5 5 5 5 5 5 5 1157422397 Mon Sep  4 22:13:17 2006
2 5 2 1 9 4 5 1 3 2 1 1 1 1 9 2 3 1 1 2 1 1 1 1 9 1 1 1 1 1 1 1 1 1 9 1 1 1 1 1 1157422438 Mon Sep  4 22:13:58 2006
8 8 3 7 6 7 7 6 4 8 8 9 3 5 7 6 6 5 3 4 8 7 6 4 7 6 4 3 6 4 8 8 3 4 7 7 6 2 4 1 1157422465 Mon Sep  4 22:14:25 2006
3 3 2 1 7 2 6 4 1 1 3 3 2 1 7 2 6 4 1 1 3 3 2 1 7 2 6 4 1 1 3 3 2 1 7 2 6 4 1 1 1157424054 Mon Sep  4 22:40:54 2006
6 7 6 5 8 7 8 4 5 4 6 5 3 3 8 7 4 3 2 6 5 7 3 4 8 6 3 3 2 4 7 5 3 3 7 4 4 2 2 5 1157425543 Mon Sep  4 23:05:43 2006
1 1 1 1 1 1 1 1 1 1 1 1 1 1 1 1 1 1 1 1 1 1 1 1 1 1 1 1 1 1 1 1 1 1 1 1 1 1 1 1 1157425757 Mon Sep  4 23:09:17 2006
1 1 1 1 1 1 1 1 1 1 1 1 1 1 1 1 1 1 1 1 1 1 1 1 1 1 1 1 1 1 1 1 1 1 1 1 1 1 1 1 1157426087 Mon Sep  4 23:14:47 2006
4 6 3 2 8 6 7 5 3 3 6 8 5 2 9 5 2 5 3 1 6 6 4 3 9 6 6 3 4 2 7 6 4 5 9 6 4 3 4 2 1157427221 Mon Sep  4 23:33:41 2006
2 3 1 1 9 5 8 2 3 1 5 4 2 3 9 2 4 3 1 1 3 2 3 1 9 2 2 5 1 2 3 5 1 1 9 2 7 3 2 1 1157427884 Mon Sep  4 23:44:44 2006
5 4 2 4 8 6 2 4 2 1 5 6 5 2 8 6 2 6 2 2 5 6 5 2 8 5 3 5 2 2 5 5 3 2 8 6 2 5 2 2 1157428282 Mon Sep  4 23:51:22 2006
5 5 2 3 7 6 4 6 3 2 6 7 4 3 7 4 5 3 4 3 5 3 3 4 7 4 4 5 1 2 4 6 3 1 9 5 2 4 2 3 1157429452 Tue Sep  5 00:10:52 2006
6 8 8 8 8 8 8 9 8 9 4 5 7 7 6 7 6 8 8 8 4 8 7 8 7 3 5 3 6 9 7 6 2 4 7 1 8 3 5 1 1157430756 Tue Sep  5 00:32:36 2006
8 4 3 4 9 6 4 2 5 6 7 6 3 4 8 6 8 4 3 2 6 7 2 4 8 6 8 4 3 2 8 8 3 2 6 1 7 2 4 2 1157431303 Tue Sep  5 00:41:43 2006
4 5 3 1 7 5 4 2 1 2 4 3 3 3 7 5 4 2 2 2 4 5 3 3 7 6 4 1 1 2 4 5 2 3 7 3 4 2 1 4 1157431427 Tue Sep  5 00:43:47 2006
6 5 5 4 7 4 7 3 3 4 4 6 4 4 6 4 5 3 4 3 8 7 4 4 7 6 7 7 7 4 7 8 4 5 7 6 7 6 6 4 1157431704 Tue Sep  5 00:48:24 2006
3 3 2 2 4 6 6 3 3 3 3 4 2 1 4 1 6 2 5 3 3 5 2 2 4 6 8 1 2 2 4 3 2 4 6 2 7 2 4 2 1157435159 Tue Sep  5 01:45:59 2006
2 1 1 1 6 2 8 1 1 2 3 3 1 1 5 1 1 4 3 2 2 1 1 1 5 1 5 1 1 1 1 1 1 1 5 1 1 1 1 1 1157439305 Tue Sep  5 02:55:05 2006
7 5 2 3 8 2 4 3 3 2 8 7 2 2 9 4 3 2 3 1 6 7 4 4 8 4 4 5 3 3 7 4 3 4 8 2 4 3 5 3 1157442488 Tue Sep  5 03:48:08 2006
4 5 1 2 8 1 2 3 2 1 8 6 2 2 8 1 1 2 2 1 5 6 2 2 8 2 4 2 2 1 5 5 1 2 8 2 3 2 2 1 1157458693 Tue Sep  5 08:18:13 2006
5 3 4 3 7 3 3 3 3 3 5 4 3 3 6 4 3 3 3 2 5 4 4 3 6 4 3 3 3 3 5 4 3 3 4 4 3 3 3 3 1157458954 Tue Sep  5 08:22:34 2006
1 1 1 1 1 1 1 1 1 1 1 1 1 1 1 1 1 1 1 1 2 1 1 1 1 1 2 1 2 1 1 1 1 1 1 1 1 1 1 1 1157460737 Tue Sep  5 08:52:17 2006
5 3 2 1 5 3 3 3 4 1 4 2 1 1 2 2 3 3 4 2 2 2 2 1 3 1 3 1 2 1 2 2 1 2 3 1 1 1 2 1 1157461970 Tue Sep  5 09:12:50 2006
2 7 3 2 7 4 3 1 4 6 7 5 4 6 7 5 4 4 3 4 7 7 6 8 7 7 8 4 6 8 7 8 6 5 7 7 7 4 5 8 1157462073 Tue Sep  5 09:14:33 2006
2 3 1 2 7 2 3 1 3 2 3 3 1 2 7 2 3 4 3 1 3 6 1 1 7 5 5 5 1 1 5 6 2 1 7 4 1 2 2 1 1157463585 Tue Sep  5 09:39:45 2006
6 4 3 4 7 4 6 3 5 2 6 5 3 4 7 4 4 3 3 2 6 5 4 3 7 4 4 3 4 2 6 5 3 4 7 4 4 4 4 2 1157463689 Tue Sep  5 09:41:29 2006
3 6 2 1 9 3 4 3 2 1 6 4 2 2 9 2 3 3 5 1 7 7 4 1 9 3 8 2 5 1 5 7 4 2 9 3 8 3 3 1 1157467775 Tue Sep  5 10:49:35 2006
3 6 2 1 9 3 4 3 2 1 6 4 2 2 9 2 3 3 5 1 7 7 4 1 9 3 8 2 5 1 5 7 4 2 9 3 8 3 3 1 1157467777 Tue Sep  5 10:49:37 2006
3 4 3 2 6 4 4 3 2 4 4 4 3 2 3 3 5 3 3 5 3 3 4 4 4 3 3 3 2 5 4 3 3 3 3 3 4 3 2 5 1157477038 Tue Sep  5 13:23:58 2006
7 6 7 4 7 4 4 5 6 7 7 6 8 8 6 8 5 6 5 5 7 6 6 8 5 8 8 4 6 8 5 7 7 4 6 8 7 6 7 6 1157575826 Wed Sep  6 16:50:26 2006
1 2 1 2 5 1 2 1 3 4 2 1 1 2 5 1 2 1 2 1 2 3 1 2 4 1 4 1 1 1 2 4 1 2 4 1 1 1 2 1 1157576169 Wed Sep  6 16:56:09 2006
6 5 2 2 5 6 5 2 2 1 6 6 2 2 6 2 2 2 2 1 5 6 2 1 6 6 5 3 2 2 7 6 2 2 6 2 7 2 2 1 1158234039 Thu Sep 14 07:40:39 2006
2 1 1 1 3 1 1 1 1 1 2 2 1 1 4 1 1 1 2 1 2 2 1 1 4 1 1 1 1 1 2 2 1 1 4 1 1 1 1 1 1159384793 Wed Sep 27 15:19:53 2006
3 5 4 2 6 4 5 2 2 1 4 5 2 4 4 3 5 2 2 3 4 3 2 1 4 2 5 2 2 4 3 5 3 3 4 2 4 2 2 2 1165092364 Sat Dec  2 15:46:04 2006
6 3 1 1 9 4 1 2 2 1 5 4 2 1 7 2 1 3 1 1 3 2 2 2 8 4 2 4 1 1 2 2 1 1 7 4 5 3 2 3 1165727954 Sun Dec 10 00:19:14 2006
4 4 2 4 3 2 1 1 1 4 2 4 6 7 7 3 3 3 1 3 3 6 3 5 3 6 4 5 1 4 4 4 1 2 4 7 4 3 2 2 1167890308 Thu Jan  4 00:58:28 2007
2 4 2 4 5 2 2 2 2 3 3 4 2 2 4 5 3 2 4 3 4 4 6 7 4 3 5 3 3 2 4 3 9 4 3 2 3 2 4 4 1170695829 Mon Feb  5 12:17:09 2007
7 6 4 6 8 1 5 2 4 7 6 3 1 3 6 2 2 1 2 5 1 4 2 4 6 3 5 1 1 2 5 5 1 4 4 2 1 1 1 6 1173165968 Tue Mar  6 02:26:08 2007
5 5 1 2 7 4 3 2 3 1 6 7 4 2 8 4 5 2 6 1 5 7 4 2 8 4 3 3 2 2 7 7 2 1 6 4 2 2 3 1 1186794491 Fri Aug 10 21:08:11 2007
5 4 3 2 8 6 6 2 5 1 6 4 3 5 8 4 6 4 3 3 7 2 3 3 8 5 5 3 1 1 3 3 3 2 8 6 5 1 1 1 1187724261 Tue Aug 21 15:24:21 2007
2 8 2 1 3 2 3 2 3 2 4 4 4 2 1 3 3 4 5 5 8 5 8 7 6 5 7 6 9 9 4 3 1 6 2 3 5 6 5 4 1190735914 Tue Sep 25 11:58:34 2007
3 7 3 3 6 4 3 4 4 4 4 5 3 3 3 4 4 3 2 3 3 4 3 2 4 3 3 3 4 2 3 4 3 2 6 4 3 3 2 2 1191904421 Tue Oct  9 00:33:41 2007
3 3 3 2 7 3 8 5 2 4 5 5 4 3 5 5 7 3 3 6 4 5 4 4 7 4 3 4 3 5 4 5 4 3 6 4 5 3 4 5 1193339172 Thu Oct 25 15:06:12 2007
5 9 4 6 4 4 3 3 4 8 5 5 5 5 5 5 5 3 2 4 6 3 5 4 5 4 6 5 4 1 4 6 1 3 3 4 6 3 5 5 1202480918 Fri Feb  8 09:28:38 2008
1 1 2 1 5 3 3 2 2 1 2 2 1 1 6 1 1 2 3 1 1 3 1 1 6 1 2 1 2 1 1 1 1 1 7 2 1 1 1 1 1220966741 Tue Sep  9 09:25:41 2008
7 6 4 3 8 4 5 2 6 1 8 7 3 3 6 3 5 3 4 1 7 6 3 3 6 2 7 2 4 1 6 7 3 3 6 2 6 3 5 2 1221003736 Tue Sep  9 19:42:16 2008
8 7 2 1 8 6 1 2 1 1 7 8 3 1 9 8 2 5 4 1 6 9 2 1 8 8 4 3 3 1 3 9 2 1 6 4 3 2 3 1 1221013822 Tue Sep  9 22:30:22 2008
7 9 2 2 7 3 6 3 3 1 7 9 2 2 8 2 3 2 4 1 8 9 2 4 8 3 4 3 3 1 8 9 2 2 8 2 4 2 3 1 1221015737 Tue Sep  9 23:02:17 2008
3 4 2 1 6 2 3 2 3 1 2 2 2 2 6 2 3 4 4 1 3 2 2 1 6 2 2 3 1 1 3 2 2 1 3 3 3 3 1 1 1221020244 Wed Sep 10 00:17:24 2008
6 6 4 4 8 5 7 3 6 4 6 6 3 2 8 6 4 3 4 2 6 6 3 3 8 6 4 2 3 3 5 7 5 4 8 3 4 3 4 3 1221055970 Wed Sep 10 10:12:50 2008
4 5 4 2 8 5 5 3 6 2 5 4 2 2 8 6 3 3 3 3 5 5 3 3 8 6 2 4 3 3 5 5 2 3 8 6 3 2 4 2 1221519272 Mon Sep 15 18:54:32 2008
4 4 2 2 5 2 7 4 1 3 6 4 2 3 7 4 6 5 2 2 4 6 2 2 8 3 6 3 2 1 4 6 2 2 8 4 3 2 1 3 1221618882 Tue Sep 16 22:34:42 2008
4 7 6 3 7 4 5 2 3 2 6 5 6 5 7 2 7 3 3 2 6 7 4 6 6 3 7 3 4 2 7 8 3 5 7 2 7 2 3 1 1231870618 Tue Jan 13 13:16:58 2009
8 3 7 3 3 3 3 6 7 7 4 7 3 6 7 4 8 3 8 8 3 4 2 5 5 6 7 5 6 2 3 3 3 7 7 3 6 3 3 6 1239109706 Tue Apr  7 09:08:26 2009
5 6 1 4 6 2 4 3 3 3 7 7 7 9 1 2 2 1 3 7 6 7 1 6 1 1 8 1 1 2 8 7 7 4 1 1 1 1 1 6 1239814549 Wed Apr 15 12:55:49 2009
4 7 4 3 6 2 4 1 3 6 5 6 4 4 7 5 3 2 2 4 6 8 4 1 8 5 6 2 1 8 7 7 3 2 7 2 3 2 2 6 1244078706 Wed Jun  3 21:25:06 2009
3 5 2 3 5 3 3 1 3 4 3 6 3 4 6 4 5 2 4 4 5 6 3 3 7 5 4 5 4 4 4 8 4 3 6 5 6 3 5 6 1245188563 Tue Jun 16 17:42:43 2009
3 2 2 1 6 5 2 2 1 1 2 2 4 1 7 3 3 3 2 1 2 3 3 1 7 3 3 2 2 1 3 2 4 1 7 4 3 2 2 1 1259976952 Fri Dec  4 20:35:52 2009
3 4 1 2 7 4 3 2 1 1 6 3 2 4 8 2 7 3 4 2 4 3 3 3 9 4 7 3 4 1 4 5 3 4 9 3 9 2 3 1 1269815069 Sun Mar 28 18:24:29 2010
7 2 2 2 8 4 4 1 1 5 6 3 3 4 9 5 2 2 2 6 3 5 3 4 8 3 5 4 2 6 4 2 2 5 7 2 2 3 2 5 1271262813 Wed Apr 14 12:33:33 2010
3 3 3 1 9 5 6 1 4 3 4 5 3 3 9 3 6 3 3 1 5 2 3 3 9 4 3 3 3 5 3 4 5 2 9 3 2 4 3 1 1288068670 Tue Oct 26 00:51:10 2010
3 7 1 1 8 5 6 1 2 2 4 4 1 1 8 1 4 1 3 1 5 6 1 1 8 2 5 2 5 1 5 6 1 1 8 2 2 2 1 1 1302792093 Thu Apr 14 10:41:33 2011
3 3 2 3 7 3 4 3 4 3 2 2 2 3 4 4 3 3 2 2 2 3 2 2 5 4 3 2 1 3 2 2 2 2 4 4 2 2 1 1 1311013470 Mon Jul 18 14:24:30 2011
2 2 2 1 6 3 2 1 2 1 2 4 2 2 6 2 2 3 2 1 3 3 2 1 6 2 3 2 1 1 2 3 2 1 6 3 2 2 1 1 1314334144 Fri Aug 26 00:49:04 2011
6 4 1 2 6 4 6 2 4 3 4 5 1 2 5 4 6 2 1 2 7 6 2 2 8 3 6 3 3 2 6 5 2 3 8 5 6 1 2 1 1314884894 Thu Sep  1 09:48:14 2011
2 7 2 4 7 5 1 2 1 1 2 4 2 1 5 2 3 2 1 2 2 5 2 1 7 3 4 2 3 1 4 5 2 1 8 2 5 2 3 1 1323451132 Fri Dec  9 12:18:52 2011
3 5 2 2 6 4 2 3 5 2 5 5 5 5 7 6 6 3 3 5 7 6 2 4 6 4 6 2 5 2 6 6 2 4 5 3 4 3 2 2 1325498459 Mon Jan  2 05:00:59 2012
1 5 3 1 7 2 2 4 1 1 5 6 4 2 7 5 2 3 4 3 2 6 5 3 7 3 3 4 2 3 3 2 3 3 4 3 4 2 2 3 1329749603 Mon Feb 20 09:53:23 2012
7 8 1 2 6 3 2 1 3 2 7 8 3 3 9 2 3 3 2 2 4 8 2 2 9 2 2 2 2 2 8 6 2 3 8 2 3 3 3 3 1331930201 Fri Mar 16 16:36:41 2012
3 3 3 1 7 2 4 1 3 1 1 2 2 2 5 2 7 1 1 2 3 2 3 2 5 5 7 3 5 2 3 3 2 1 5 3 6 1 2 2 1337876461 Thu May 24 12:21:01 2012
4 2 3 5 7 3 7 2 6 3 3 4 3 3 8 4 5 3 3 3 4 3 3 3 7 3 6 4 4 3 4 3 3 3 8 3 3 3 4 3 1351158553 Thu Oct 25 05:49:13 2012
1 2 1 2 7 2 6 2 3 3 4 3 1 5 4 3 2 1 2 4 6 6 4 4 3 7 8 6 6 6 4 7 4 6 8 5 7 3 4 4 1393955700 Tue Mar  4 12:55:00 2014
7 5 2 3 8 6 6 1 3 4 6 5 2 3 7 6 4 3 3 4 5 5 3 2 7 4 6 3 2 3 5 6 3 3 6 3 5 3 4 6 1393959965 Tue Mar  4 14:06:05 2014
7 6 3 2 8 3 4 4 2 2 7 7 2 3 8 4 3 3 2 4 6 7 3 2 8 3 2 4 2 4 7 7 2 3 7 4 4 4 2 2 1393962704 Tue Mar  4 14:51:44 2014
4 3 1 1 8 2 8 1 2 1 3 2 1 1 7 1 5 1 1 2 2 2 1 2 7 1 2 1 2 1 7 3 1 2 7 1 8 1 1 1 1393963731 Tue Mar  4 15:08:51 2014
2 6 3 4 8 7 7 6 5 3 2 3 4 5 8 4 4 4 4 4 3 3 3 4 7 6 8 4 4 4 3 4 4 3 7 3 7 3 4 7 1394037077 Wed Mar  5 11:31:17 2014
3 3 3 2 8 7 6 2 5 1 4 3 3 2 9 5 7 3 4 2 5 4 3 2 9 2 5 2 5 1 4 4 2 2 9 3 7 1 2 1 1394045793 Wed Mar  5 13:56:33 2014
6 5 3 5 7 5 4 2 4 3 4 5 3 3 6 3 3 3 4 3 3 6 2 2 7 5 3 4 2 3 4 5 4 3 6 3 3 2 2 2 1394050923 Wed Mar  5 15:22:03 2014
3 5 2 4 9 1 7 1 2 1 5 7 6 2 9 1 1 4 2 2 5 7 4 3 9 2 4 2 2 3 3 4 3 1 9 3 2 1 4 3 1394110712 Thu Mar  6 07:58:32 2014
2 2 2 1 8 5 7 4 4 1 2 3 2 4 7 4 3 3 2 2 1 3 2 2 6 3 2 1 2 3 2 2 3 2 8 6 3 3 2 2 1394120481 Thu Mar  6 10:41:21 2014
5 8 7 4 8 6 7 6 5 3 5 6 7 4 8 7 4 6 4 4 3 5 5 4 8 6 6 5 3 3 4 7 6 2 8 6 4 3 3 2 1394121762 Thu Mar  6 11:02:42 2014
5 7 2 3 9 4 4 3 3 1 8 7 5 5 9 4 9 4 5 1 7 7 2 5 9 7 8 3 3 1 7 4 3 7 9 4 8 4 5 2 1394137089 Thu Mar  6 15:18:09 2014
7 6 3 3 8 4 1 3 4 1 7 6 3 3 8 3 3 1 1 2 8 6 2 2 7 4 4 3 3 1 7 7 1 2 9 5 4 4 2 1 1394142916 Thu Mar  6 16:55:16 2014
7 6 2 2 9 3 7 2 5 2 6 7 5 4 9 5 6 4 5 1 8 9 5 2 9 4 6 4 4 2 7 8 5 3 9 5 4 3 3 3 1394198704 Fri Mar  7 08:25:04 2014
6 9 3 5 8 6 5 3 3 4 6 7 4 5 8 6 6 3 2 1 6 9 4 4 8 5 5 4 2 3 4 8 4 6 8 4 6 3 4 1 1394200549 Fri Mar  7 08:55:49 2014
6 7 3 3 9 6 1 5 3 3 6 5 4 1 8 3 4 4 2 1 7 4 4 2 8 6 4 4 3 3 6 7 4 2 9 4 4 3 2 2 1394205584 Fri Mar  7 10:19:44 2014
7 8 5 6 7 5 4 4 4 2 7 7 4 4 8 4 5 4 3 2 7 7 4 2 7 4 5 4 2 2 8 5 4 5 8 4 6 2 3 2 1394207232 Fri Mar  7 10:47:12 2014
6 7 1 5 8 2 7 2 4 2 6 5 4 4 9 3 8 4 5 3 7 7 4 7 9 3 8 3 5 5 7 7 4 6 9 4 9 3 5 3 1394209562 Fri Mar  7 11:26:02 2014
3 4 3 2 8 4 6 5 2 1 4 4 4 2 8 4 3 4 2 2 6 6 4 2 8 5 6 4 4 2 6 7 7 3 6 6 4 2 3 2 1394210642 Fri Mar  7 11:44:02 2014
4 5 4 3 8 5 6 4 6 4 4 5 3 4 7 4 5 4 4 3 4 5 3 3 7 4 4 4 4 4 6 4 3 4 6 5 4 4 4 3 1394210905 Fri Mar  7 11:48:25 2014
7 6 3 4 8 3 7 2 5 2 7 7 3 4 8 3 5 2 5 1 7 7 3 4 8 3 5 2 5 1 7 7 3 4 8 3 5 2 5 1 1394212348 Fri Mar  7 12:12:28 2014
4 5 2 1 8 5 6 2 3 5 3 2 4 2 7 6 8 1 2 4 5 2 3 3 8 5 8 1 2 4 5 2 2 3 8 6 8 2 1 5 1394212639 Fri Mar  7 12:17:19 2014
7 2 2 3 8 2 7 3 5 1 9 8 3 1 9 7 8 1 2 1 8 2 1 1 9 2 7 2 2 1 8 3 1 1 8 2 7 2 2 1 1394214157 Fri Mar  7 12:42:37 2014
3 3 2 2 8 3 1 3 2 3 3 3 2 3 8 4 3 4 2 2 3 3 1 2 8 3 2 4 3 2 3 3 3 3 8 4 3 4 3 3 1394215381 Fri Mar  7 13:03:01 2014
8 8 1 2 9 7 6 1 4 8 8 9 3 3 9 5 7 7 2 1 7 7 2 2 9 3 5 3 4 3 8 8 1 3 9 5 8 4 3 2 1394217793 Fri Mar  7 13:43:13 2014
2 5 1 1 9 5 8 4 3 4 4 7 4 4 9 6 5 3 4 5 4 7 1 2 9 8 6 4 3 5 4 2 4 6 9 6 5 2 7 5 1394220891 Fri Mar  7 14:34:51 2014
7 2 5 1 8 6 6 2 2 1 6 6 2 2 9 6 6 1 1 1 6 7 2 1 6 8 3 3 1 1 7 4 1 3 8 4 3 1 1 1 1394229362 Fri Mar  7 16:56:02 2014
3 3 2 2 7 2 1 2 2 1 4 3 2 1 7 2 1 2 2 1 3 6 2 1 7 2 1 2 1 1 3 3 1 1 7 2 1 2 1 2 1394265891 Sat Mar  8 03:04:51 2014
7 7 5 3 8 5 7 4 6 2 7 6 4 6 8 4 7 4 5 3 5 7 4 5 8 5 7 4 6 2 7 7 4 6 8 4 8 4 8 3 1394267237 Sat Mar  8 03:27:17 2014
9 8 1 6 9 7 8 3 3 2 9 9 4 6 8 5 3 5 4 6 6 9 4 5 9 4 7 1 2 8 7 7 3 6 9 8 8 3 1 7 1394272228 Sat Mar  8 04:50:28 2014
5 6 5 4 7 4 6 4 5 2 7 6 5 3 7 3 5 2 2 2 6 6 3 2 7 4 2 3 4 2 6 6 3 2 7 4 4 2 2 2 1394287067 Sat Mar  8 08:57:47 2014
3 5 1 2 5 2 2 1 2 1 4 4 1 3 5 2 5 1 1 3 8 8 2 3 8 5 6 2 3 3 8 3 2 3 8 3 5 1 4 5 1394355400 Sun Mar  9 04:56:40 2014
3 3 3 3 3 3 3 3 3 3 1 1 1 1 1 1 1 1 1 1 1 1 1 1 1 1 1 1 1 1 1 1 1 1 1 1 1 1 1 1 1394360753 Sun Mar  9 06:25:53 2014
7 8 5 6 7 5 4 4 4 2 7 7 4 4 8 4 5 4 3 2 7 7 4 2 7 4 5 4 2 2 8 5 4 5 8 4 6 2 3 2 1394360869 Sun Mar  9 06:27:49 2014
1 3 2 1 4 2 4 2 2 1 3 3 2 1 4 2 3 2 2 1 3 3 1 1 6 2 4 2 2 1 3 3 2 1 6 2 4 2 2 1 1394371767 Sun Mar  9 09:29:27 2014
8 4 2 3 6 2 5 1 2 2 7 6 4 5 8 4 4 3 3 4 7 3 3 2 8 3 6 3 4 3 8 4 3 4 8 3 4 1 1 1 1394385979 Sun Mar  9 13:26:19 2014
4 6 3 3 6 6 6 3 5 6 5 5 3 3 6 4 3 4 4 3 4 6 3 3 6 5 5 4 4 4 4 5 4 3 6 5 3 3 4 3 1394394942 Sun Mar  9 15:55:42 2014
7 8 5 5 7 4 5 6 5 8 9 7 6 4 8 3 5 8 7 9 8 7 6 5 8 2 3 5 6 9 7 3 4 5 8 2 3 4 4 9 1394446315 Mon Mar 10 06:11:55 2014
4 6 3 5 5 5 5 4 6 2 5 6 3 4 6 5 4 4 3 2 5 5 2 4 5 4 6 5 4 3 4 6 4 3 5 4 5 4 4 3 1394447441 Mon Mar 10 06:30:41 2014
8 7 4 6 8 7 8 3 5 3 8 8 4 2 8 4 4 4 6 2 8 8 2 6 8 5 5 4 4 3 8 8 3 3 8 2 4 2 6 3 1394448197 Mon Mar 10 06:43:17 2014
3 4 2 2 8 5 7 3 1 3 3 5 3 5 9 8 5 4 1 3 2 5 3 2 6 7 3 2 1 1 3 5 4 1 9 5 4 3 2 4 1394454304 Mon Mar 10 08:25:04 2014
5 7 2 1 9 8 3 4 1 2 7 8 4 2 9 8 5 5 3 1 8 7 3 4 9 6 9 3 5 2 8 7 3 2 9 5 8 3 3 1 1394458724 Mon Mar 10 09:38:44 2014
3 5 1 5 4 4 3 3 6 2 4 3 2 3 7 2 5 3 6 6 5 7 3 3 8 7 6 6 7 4 4 7 4 3 8 5 6 5 5 4 1394479479 Mon Mar 10 15:24:39 2014
2 3 5 5 3 6 5 8 7 8 2 5 5 5 2 7 6 6 7 8 2 4 6 7 2 5 5 6 6 7 2 4 6 5 2 6 4 7 6 7 1394523688 Tue Mar 11 03:41:28 2014
5 2 3 5 7 3 4 1 4 3 2 2 5 4 7 6 5 5 4 3 7 6 2 2 6 3 4 3 5 3 7 7 3 3 7 4 4 3 3 4 1394536706 Tue Mar 11 07:18:26 2014
5 5 2 1 7 6 2 3 3 1 5 5 3 2 7 3 1 4 1 2 5 5 3 1 7 4 1 3 2 2 4 4 3 1 6 4 1 2 1 1 1408416907 Mon Aug 18 22:55:07 2014
3 6 2 4 8 3 3 3 5 2 4 3 2 1 7 2 2 3 3 3 3 2 2 2 7 3 3 2 2 1 3 2 2 2 8 3 4 2 2 2 1423343930 Sat Feb  7 16:18:50 2015
1 2 3 1 4 3 6 1 1 1 2 2 2 2 3 3 5 1 2 1 3 2 2 2 7 3 3 2 2 1 3 2 2 2 7 2 5 2 2 1 1424875559 Wed Feb 25 09:45:59 2015
5 7 6 1 9 6 7 2 1 1 7 6 2 4 8 3 6 1 1 1 6 4 2 4 9 3 7 1 1 2 7 5 2 5 9 4 6 2 1 1 1424878209 Wed Feb 25 10:30:09 2015
2 4 6 2 9 6 7 5 4 1 4 4 3 3 9 6 5 5 2 1 5 4 4 2 9 6 7 4 3 1 4 5 4 2 9 6 7 4 4 1 1424888183 Wed Feb 25 13:16:23 2015
3 5 5 2 8 6 7 3 4 2 5 4 2 3 8 2 6 4 2 2 5 6 2 2 8 5 4 3 3 3 3 3 4 2 8 5 7 2 2 4 1424956028 Thu Feb 26 08:07:08 2015
4 2 3 2 8 5 7 2 2 4 6 4 2 3 5 5 4 3 2 6 6 3 2 2 5 5 4 3 3 4 6 3 2 3 6 5 5 2 3 2 1424961058 Thu Feb 26 09:30:58 2015
6 3 3 5 8 7 8 2 6 3 2 5 6 6 9 4 9 5 2 3 3 7 2 2 9 4 2 2 3 5 6 4 2 2 9 6 3 3 6 4 1424964666 Thu Feb 26 10:31:06 2015
1 5 1 1 7 2 4 2 3 1 1 5 1 1 4 4 2 2 3 1 1 4 1 1 5 3 2 2 1 1 2 3 2 1 5 4 1 2 1 1 1424969501 Thu Feb 26 11:51:41 2015
1 1 2 1 4 2 4 1 1 1 1 1 1 1 5 1 1 1 1 1 1 2 1 1 5 2 1 1 1 1 2 2 1 1 5 1 1 1 1 1 1424974735 Thu Feb 26 13:18:55 2015
2 1 2 2 7 1 4 1 1 2 2 2 1 1 6 1 3 1 3 1 2 2 1 1 6 1 3 1 1 1 2 2 1 1 6 1 2 1 2 1 1424974962 Thu Feb 26 13:22:42 2015
3 1 1 2 8 6 3 2 2 1 4 2 2 2 7 8 6 2 1 1 4 2 2 2 7 7 5 2 2 3 2 2 2 2 6 6 2 2 2 2 1425021876 Fri Feb 27 02:24:36 2015
8 4 4 2 9 3 6 3 2 1 8 5 4 1 8 4 2 2 1 1 8 8 3 2 8 5 4 2 1 1 9 8 1 1 8 4 4 1 2 2 1425040681 Fri Feb 27 07:38:01 2015
7 4 2 2 7 3 5 4 2 1 7 5 2 2 8 3 3 3 3 1 7 7 2 3 8 4 3 3 3 1 4 7 2 1 8 3 3 1 3 1 1425042198 Fri Feb 27 08:03:18 2015
3 3 4 3 3 4 3 1 3 3 3 3 5 5 3 5 4 4 4 2 4 2 5 2 6 2 2 7 2 3 7 3 6 5 5 3 7 3 3 3 1425109682 Sat Feb 28 02:48:02 2015
3 3 3 1 7 2 3 2 1 2 7 6 2 1 5 4 4 2 1 1 4 4 2 1 3 2 3 1 1 4 2 5 3 2 4 3 8 2 1 5 1425126421 Sat Feb 28 07:27:01 2015
2 1 2 1 5 2 3 1 2 3 2 5 1 1 2 4 1 2 1 2 2 5 1 1 4 1 3 1 1 2 2 1 1 1 3 2 2 1 2 2 1425130273 Sat Feb 28 08:31:13 2015
6 7 2 4 8 2 3 2 5 2 6 6 2 5 7 2 4 3 5 3 3 7 2 4 7 2 3 2 5 2 5 7 2 3 7 2 4 2 4 2 1425204078 Sun Mar  1 05:01:18 2015
7 7 5 2 7 3 6 3 3 1 7 8 3 1 8 5 4 3 5 2 6 7 3 1 7 5 4 3 1 1 4 8 4 3 8 4 3 4 4 1 1425210481 Sun Mar  1 06:48:01 2015
2 4 1 2 7 6 8 3 5 2 4 3 2 2 8 6 7 3 5 2 3 7 3 2 8 3 8 2 2 2 3 4 3 2 9 3 8 3 2 3 1425211159 Sun Mar  1 06:59:19 2015
2 4 1 2 7 6 8 3 5 2 4 3 2 2 8 6 7 3 5 2 3 7 3 2 8 3 8 2 2 2 3 4 3 2 9 3 8 3 2 3 1425211329 Sun Mar  1 07:02:09 2015
2 4 1 2 7 6 8 3 5 2 4 3 2 2 8 6 7 3 5 2 3 7 3 2 8 3 8 2 2 2 3 4 3 2 9 3 8 3 2 3 1425211544 Sun Mar  1 07:05:44 2015
2 3 3 2 7 2 4 3 3 2 4 5 3 3 7 4 4 4 3 3 3 5 3 2 7 4 3 4 4 3 5 6 4 4 7 6 4 4 4 3 1425215349 Sun Mar  1 08:09:09 2015
2 3 3 1 8 7 7 4 3 2 6 4 3 2 3 4 3 3 3 2 2 5 2 3 7 4 3 6 1 3 2 2 3 2 4 3 1 3 2 1 1425217654 Sun Mar  1 08:47:34 2015
7 3 6 2 9 5 6 3 3 2 5 5 6 5 9 4 6 2 3 1 7 6 3 3 9 5 6 4 4 3 7 5 5 3 9 6 5 3 2 1 1425221618 Sun Mar  1 09:53:38 2015
7 3 6 2 9 5 6 3 3 2 5 5 6 5 9 4 6 2 3 1 7 6 3 3 9 5 6 4 4 3 7 5 5 3 9 6 5 3 2 1 1425221919 Sun Mar  1 09:58:39 2015
7 3 6 2 9 5 6 3 3 2 5 5 6 5 9 4 6 2 3 1 7 6 3 3 9 5 6 4 4 3 7 5 5 3 9 6 5 3 2 1 1425221927 Sun Mar  1 09:58:47 2015
3 6 5 6 4 5 4 3 6 2 8 8 2 8 5 7 5 5 1 3 6 6 2 2 4 4 4 6 5 1 6 3 2 4 7 5 5 7 5 5 1425222131 Sun Mar  1 10:02:11 2015
6 6 5 5 4 2 5 4 2 8 7 3 2 5 7 8 5 7 4 5 2 5 6 4 8 9 4 6 4 1 4 9 1 6 4 6 7 3 5 7 1425222876 Sun Mar  1 10:14:36 2015
6 6 5 5 4 2 5 4 2 8 7 3 2 5 7 8 5 7 4 5 2 5 6 4 8 9 4 6 4 1 4 9 1 6 4 6 7 3 5 7 1425222919 Sun Mar  1 10:15:19 2015
8 5 4 5 8 4 7 3 3 2 8 6 3 6 6 4 8 1 3 3 7 7 2 4 9 5 5 2 5 2 7 5 3 3 8 4 6 3 3 1 1425224079 Sun Mar  1 10:34:39 2015
6 4 3 2 8 6 7 6 3 2 5 4 2 3 8 4 3 5 3 2 6 3 3 2 6 4 6 2 6 2 6 5 4 2 8 4 7 4 2 2 1425224738 Sun Mar  1 10:45:38 2015
7 7 5 2 9 5 1 5 1 1 7 8 5 5 9 5 7 5 6 2 5 7 5 5 9 5 7 5 5 2 7 7 5 6 9 5 5 5 5 2 1425231381 Sun Mar  1 12:36:21 2015
4 2 3 1 8 2 7 3 2 4 1 4 3 2 7 3 5 2 1 2 7 6 3 3 8 4 4 2 3 2 8 3 2 1 9 3 4 2 1 2 1425239395 Sun Mar  1 14:49:55 2015
7 6 5 3 8 4 3 4 1 1 7 5 2 4 9 5 4 2 1 2 9 7 3 4 9 6 5 3 1 5 9 5 1 3 9 4 5 2 2 1 1425242827 Sun Mar  1 15:47:07 2015
4 4 1 1 9 2 5 2 4 2 3 5 3 1 9 3 6 3 2 2 2 3 2 8 9 2 8 2 3 2 5 5 2 7 9 2 8 2 6 2 1425243714 Sun Mar  1 16:01:54 2015
5 5 7 1 9 7 8 4 6 1 4 8 5 1 8 6 4 6 5 3 7 8 3 1 9 7 6 7 3 3 8 8 3 3 9 7 7 5 5 1 1425243876 Sun Mar  1 16:04:36 2015
9 9 8 9 9 9 9 9 9 9 9 9 9 9 9 9 9 9 9 9 9 9 8 9 8 9 8 9 9 8 9 9 9 9 9 9 9 9 9 9 1425244015 Sun Mar  1 16:06:55 2015
7 6 4 4 4 6 7 5 2 1 3 5 2 3 5 3 2 4 2 1 3 4 2 2 4 3 2 3 3 2 3 5 2 2 3 2 2 1 3 1 1425244229 Sun Mar  1 16:10:29 2015
4 6 2 3 5 2 7 3 1 1 3 4 3 4 7 1 7 2 1 2 6 5 2 4 7 3 7 2 1 1 6 5 2 3 7 2 7 1 1 2 1425244549 Sun Mar  1 16:15:49 2015
8 4 2 2 9 3 8 5 3 3 7 5 2 2 9 9 8 4 2 6 6 8 2 2 9 5 6 2 2 6 6 7 1 2 8 6 5 1 2 4 1425244949 Sun Mar  1 16:22:29 2015
3 3 3 2 7 4 4 5 4 1 3 2 4 1 9 5 6 5 3 1 3 6 3 2 8 6 4 5 2 2 2 3 2 3 9 6 6 5 2 1 1425245651 Sun Mar  1 16:34:11 2015
2 1 2 1 7 2 6 2 5 3 2 1 1 2 8 2 4 1 1 2 2 2 1 2 8 3 4 1 1 2 1 2 1 2 8 3 3 1 1 2 1425248776 Sun Mar  1 17:26:16 2015
3 3 3 2 8 6 8 6 6 2 3 3 3 6 7 5 6 4 5 3 6 5 5 6 7 8 8 5 5 2 5 6 4 5 7 6 7 5 5 3 1425248832 Sun Mar  1 17:27:12 2015
2 6 3 1 9 5 6 4 3 2 5 6 2 3 9 5 3 2 1 2 4 5 2 4 9 5 6 3 2 3 4 5 3 2 9 2 6 4 1 2 1425250202 Sun Mar  1 17:50:02 2015
5 6 3 4 8 3 6 3 6 3 4 5 2 3 7 3 4 3 3 3 5 7 3 3 8 3 7 3 5 3 6 7 3 4 8 3 5 3 5 3 1425250352 Sun Mar  1 17:52:32 2015
4 8 3 2 9 5 7 5 6 1 4 8 3 2 9 5 7 5 6 1 4 8 3 2 9 5 7 5 6 1 4 8 3 1 9 5 7 4 5 2 1425258332 Sun Mar  1 20:05:32 2015
1 1 1 1 5 3 4 1 3 1 2 2 1 1 4 1 2 1 2 1 2 2 1 1 5 2 3 2 2 1 2 3 1 2 3 2 3 2 2 1 1425260187 Sun Mar  1 20:36:27 2015
1 1 1 1 4 4 4 1 1 1 1 1 1 1 5 5 4 1 1 1 1 1 1 1 5 4 4 1 1 1 1 1 1 1 4 5 3 1 1 4 1425279944 Mon Mar  2 02:05:44 2015
4 3 3 3 7 4 5 4 4 3 3 3 3 3 7 3 3 3 3 3 4 5 3 3 7 4 3 4 3 3 4 5 3 3 3 3 3 3 2 3 1425284360 Mon Mar  2 03:19:20 2015
5 5 3 3 8 7 8 6 5 2 4 5 3 2 8 5 7 4 3 2 5 7 4 3 8 6 5 6 3 3 7 6 3 3 8 7 5 4 3 2 1425293661 Mon Mar  2 05:54:21 2015
4 3 2 3 4 3 3 3 2 3 3 3 2 3 5 4 3 3 3 4 3 2 3 3 4 3 4 2 3 3 4 2 3 2 5 3 5 2 1 2 1425312400 Mon Mar  2 11:06:40 2015
1 1 1 5 9 6 1 9 4 4 7 5 1 4 7 1 1 1 6 1 2 6 1 3 9 2 4 2 3 2 3 3 1 3 9 1 3 1 5 1 1425316030 Mon Mar  2 12:07:10 2015
5 5 5 5 5 5 5 5 5 5 5 5 5 5 5 5 5 5 5 5 5 5 5 5 5 5 5 5 5 5 5 5 5 5 5 5 5 5 5 5 1425460606 Wed Mar  4 04:16:46 2015
1 1 3 1 3 3 3 1 3 1 1 1 1 1 1 1 1 1 1 1 1 1 1 1 1 1 1 1 1 1 1 1 1 1 1 1 1 1 1 1 1425467189 Wed Mar  4 06:06:29 2015
4 3 2 3 9 2 7 3 3 1 4 3 2 6 9 2 8 2 2 1 5 4 2 4 9 2 7 2 4 1 6 3 2 4 9 2 8 2 3 2 1425651027 Fri Mar  6 09:10:27 2015
5 5 5 5 5 8 5 5 5 5 4 4 4 4 4 4 4 4 4 4 4 4 4 4 4 4 4 4 4 4 4 4 4 4 4 4 4 4 4 4 1425803200 Sun Mar  8 04:26:40 2015
8 3 7 1 8 7 6 2 2 2 8 7 6 2 6 7 7 2 2 4 7 8 7 4 8 6 4 3 2 1 7 8 7 6 8 3 7 2 2 2 1425847759 Sun Mar  8 16:49:19 2015
7 8 9 8 9 7 9 9 9 9 6 7 7 8 7 7 7 6 7 9 6 6 7 7 6 7 7 8 7 9 5 7 7 6 6 6 5 6 8 9 1425905695 Mon Mar  9 08:54:55 2015
1 1 3 1 3 3 3 1 3 1 1 1 1 1 1 1 1 1 1 1 1 1 1 1 1 1 1 1 1 1 1 1 1 1 1 1 1 1 1 1 1425917560 Mon Mar  9 12:12:40 2015
1 1 3 1 3 3 3 1 3 1 1 1 1 1 1 1 1 1 1 1 1 1 1 1 1 1 1 1 1 1 1 1 1 1 1 1 1 1 1 1 1425987278 Tue Mar 10 07:34:38 2015
7 7 1 3 9 5 8 2 2 1 8 6 1 3 9 2 5 1 2 1 9 3 5 7 8 2 6 1 2 1 9 8 3 6 9 4 8 1 1 2 1426087095 Wed Mar 11 11:18:15 2015
2 2 1 1 7 5 5 1 5 3 5 3 1 1 4 4 6 1 1 5 1 4 1 1 4 5 6 2 1 6 1 1 1 1 6 5 5 1 1 6 1436997167 Wed Jul 15 17:52:47 2015
2 3 5 1 8 4 6 1 3 1 6 3 5 3 9 4 6 2 3 1 3 5 2 2 9 7 7 5 2 3 5 2 4 7 1 3 9 6 6 3 1437890045 Sun Jul 26 01:54:05 2015
8 6 2 2 8 2 2 2 2 6 8 7 2 2 8 2 2 2 2 7 8 7 2 2 7 2 2 2 2 2 8 8 2 2 8 2 2 2 2 2 1439620969 Sat Aug 15 02:42:49 2015
5 6 7 1 7 8 4 7 4 1 7 7 7 2 7 5 2 8 4 1 5 6 7 2 6 5 3 6 3 2 5 7 7 2 6 6 3 6 4 2 1441728624 Tue Sep  8 12:10:24 2015
9 9 9 9 9 9 9 9 9 9 9 9 9 9 9 9 9 9 9 9 9 9 9 9 9 9 9 9 9 9 9 9 9 9 9 9 9 9 9 9 1447012156 Sun Nov  8 14:49:16 2015
2 2 2 2 5 2 4 2 3 1 3 3 1 2 3 2 3 2 2 2 3 4 2 2 3 3 4 2 2 2 4 4 2 1 5 2 2 2 1 2 1480459647 Tue Nov 29 17:47:27 2016
3 3 4 1 9 4 4 6 3 1 5 4 4 1 8 3 5 3 1 1 6 2 3 2 8 4 5 4 1 1 6 3 3 2 9 3 5 3 1 1 1483367255 Mon Jan  2 09:27:35 2017
3 4 1 1 5 2 6 3 1 3 1 1 1 1 8 6 5 2 1 3 1 1 1 1 8 6 7 2 6 2 1 2 1 2 7 6 8 3 3 4 1488437128 Thu Mar  2 01:45:28 2017
5 4 3 3 7 5 5 3 2 2 3 3 3 3 5 3 3 2 2 2 3 2 2 2 6 4 3 3 2 3 2 3 2 2 6 4 2 4 2 2 1501231070 Fri Jul 28 04:37:50 2017
3 5 2 3 5 1 5 2 1 3 4 6 2 3 6 4 5 1 3 4 4 9 4 6 8 5 3 3 3 3 4 8 3 4 7 3 5 4 3 5 1513549978 Sun Dec 17 17:32:58 2017
3 3 3 1 8 2 4 3 3 1 3 2 3 2 7 3 3 4 3 1 3 4 3 1 8 2 3 2 1 2 3 6 2 1 9 3 3 3 3 1 1519486246 Sat Feb 24 10:30:46 2018
