4 4 3 2 8 6 3 6 3 2 2 1 3 2 7 5 6 6 5 3 7 5 3 3 8 5 5 4 3 4 5 3 4 3 8 6 5 4 2 1 904671966 Tue Sep  1 12:46:06 1998

3 3 6 6 9 3 6 2 2 7 4 3 4 5 8 3 8 5 6 9 3 4 4 4 9 3 7 5 4 7 3 4 5 4 8 5 7 4 5 7 904682465 Tue Sep  1 15:41:05 1998

8 6 3 3 9 2 8 1 3 2 6 7 4 7 9 5 5 1 3 3 7 7 1 1 6 3 5 1 5 2 7 6 3 4 8 3 5 1 2 1 904772479 Wed Sep  2 16:41:19 1998

3 2 4 2 7 3 5 2 2 1 4 2 3 2 6 5 5 1 2 1 2 4 4 3 6 4 6 2 1 2 2 5 3 1 6 4 3 1 1 2 904846153 Thu Sep  3 13:09:13 1998

4 2 2 2 8 6 5 3 3 6 1 2 2 1 6 8 7 2 3 5 6 3 1 1 7 2 8 1 3 4 1 5 2 1 8 2 6 2 3 2 904846957 Thu Sep  3 13:22:37 1998

3 3 2 1 7 3 1 2 1 1 3 2 2 1 7 3 1 2 1 1 3 2 2 1 7 3 1 2 1 1 3 3 2 1 7 3 1 2 1 1 904849620 Thu Sep  3 14:07:00 1998

3 3 2 1 7 3 1 2 1 1 3 2 2 1 7 3 1 2 1 1 3 2 2 1 7 3 1 2 1 1 3 3 2 1 7 3 1 2 1 1 904849682 Thu Sep  3 14:08:02 1998

3 3 2 1 7 3 1 2 1 1 3 2 2 1 7 3 1 2 1 1 3 2 2 1 7 3 1 2 1 1 3 3 2 1 7 3 1 2 1 2 904849711 Thu Sep  3 14:08:31 1998

3 3 2 1 7 3 1 2 1 1 3 3 3 1 7 3 1 2 1 1 2 3 2 1 8 3 1 1 1 1 3 2 2 1 8 3 1 1 1 1 904849819 Thu Sep  3 14:10:19 1998

3 2 2 3 3 4 4 3 2 5 2 2 3 3 3 4 4 1 2 5 3 4 4 3 2 3 3 2 2 6 2 2 1 2 2 3 5 3 1 7 904852569 Thu Sep  3 14:56:09 1998

7 4 4 2 8 5 5 6 3 1 7 4 1 2 8 6 3 3 1 2 6 5 2 2 8 6 2 1 2 1 6 5 1 4 8 6 4 1 2 3 904852695 Thu Sep  3 14:58:15 1998

2 1 4 1 5 6 6 1 2 5 4 1 2 3 1 6 7 1 1 6 5 1 2 3 2 2 6 1 1 4 4 1 2 2 1 5 7 1 1 5 904856105 Thu Sep  3 15:55:05 1998

4 4 5 2 8 5 6 3 5 2 4 5 3 4 8 3 5 4 3 2 5 5 4 3 5 5 4 4 4 3 4 5 3 3 8 4 5 3 4 2 904856348 Thu Sep  3 15:59:08 1998

1 2 1 1 3 1 2 3 1 1 1 2 1 1 3 2 2 1 1 2 2 2 1 1 7 7 5 4 3 1 2 4 1 1 3 4 6 1 2 3 904857259 Thu Sep  3 16:14:19 1998

5 6 3 3 8 6 6 5 2 3 6 6 2 2 8 3 3 3 2 4 5 6 3 2 8 5 5 3 2 2 5 5 2 3 8 3 2 3 2 4 904858034 Thu Sep  3 16:27:14 1998

8 3 2 1 6 6 4 2 2 1 7 8 3 5 9 5 4 2 3 1 7 7 3 2 9 6 4 3 3 1 6 6 2 3 8 2 6 1 2 1 904860922 Thu Sep  3 17:15:22 1998

2 4 2 2 9 4 7 2 1 4 5 6 1 3 9 7 2 2 2 3 2 7 2 1 9 5 2 3 2 3 2 3 2 2 9 7 4 2 4 2 904889302 Fri Sep  4  1:08:22 1998

3 7 1 1 8 5 8 2 1 1 3 2 2 2 7 5 3 4 1 2 2 6 3 2 8 6 2 3 1 3 3 5 2 1 7 3 2 2 1 1 904929920 Fri Sep  4 12:25:20 1998

4 6 2 1 5 2 3 3 3 2 2 4 2 2 7 5 3 2 3 4 2 6 3 2 7 4 3 2 3 5 2 5 3 3 7 4 3 4 2 5 904932819 Fri Sep  4 13:13:39 1998

6 4 4 3 7 5 5 3 3 1 5 4 4 1 5 7 5 2 3 1 4 6 5 1 5 7 6 3 1 1 5 4 4 1 6 7 5 2 2 1 904933678 Fri Sep  4 13:27:58 1998

3 4 1 1 8 2 6 2 2 2 3 5 2 1 8 2 5 1 2 3 2 4 4 2 8 3 5 2 3 1 3 4 1 1 8 3 2 2 1 2 904947802 Fri Sep  4 17:23:22 1998

3 3 3 1 8 3 3 2 2 1 3 2 2 1 8 6 2 2 2 1 3 2 2 1 8 3 5 3 2 1 4 2 2 2 8 4 5 2 2 1 905037363 Sat Sep  5 18:16:03 1998

3 1 1 1 8 5 5 2 4 2 3 2 4 3 8 4 3 3 2 2 2 6 4 2 9 5 3 4 1 4 2 3 4 2 9 3 1 3 1 2 905047727 Sat Sep  5 21:08:47 1998

7 3 2 3 6 3 2 1 2 1 2 2 1 1 3 4 3 1 1 1 3 4 1 2 5 3 2 1 1 1 2 5 2 1 3 5 1 1 1 2 905096613 Sun Sep  6 10:43:33 1998

5 5 3 1 8 1 7 1 1 1 3 3 1 1 9 1 3 1 1 3 3 3 1 1 9 3 5 1 3 1 3 3 1 3 9 1 3 1 1 1 905109593 Sun Sep  6 14:19:53 1998

1 3 1 1 5 4 2 2 1 3 1 3 4 2 7 5 2 2 1 1 2 5 6 1 7 5 2 3 2 1 2 3 1 1 7 6 2 3 2 1 905128407 Sun Sep  6 19:33:27 1998

3 3 2 1 8 6 2 4 3 6 3 3 4 1 8 6 4 5 3 2 4 4 6 1 8 6 2 2 2 5 4 5 5 1 8 8 2 7 2 4 905128974 Sun Sep  6 19:42:54 1998

7 3 2 5 4 5 3 3 2 2 6 5 4 3 5 3 5 3 4 1 6 3 2 2 3 1 5 1 3 1 6 4 2 5 7 3 6 2 4 1 905183241 Mon Sep  7 10:47:21 1998

6 5 2 4 8 5 6 3 5 1 5 7 2 6 8 6 3 5 3 4 4 8 5 2 9 7 6 5 3 3 6 8 5 1 9 5 4 4 2 3 905184868 Mon Sep  7 11:14:28 1998

5 3 3 2 7 5 4 1 4 2 4 6 2 5 7 4 5 1 3 2 5 7 2 3 7 4 6 3 4 2 6 5 1 1 8 5 5 2 3 4 905192179 Mon Sep  7 13:16:19 1998

2 5 2 1 7 4 4 3 3 1 5 6 2 4 8 4 5 5 4 3 2 6 4 3 8 4 6 3 3 2 7 7 2 4 8 5 7 5 6 2 905199441 Mon Sep  7 15:17:21 1998

7 7 3 8 4 6 2 1 5 9 4 5 8 8 9 6 7 2 1 3 6 5 2 4 4 7 5 4 8 1 4 5 1 7 2 3 5 6 8 9 905208796 Mon Sep  7 17:53:16 1998

3 4 2 3 6 4 2 2 3 1 4 3 3 4 6 3 6 3 2 1 6 5 3 2 6 2 7 2 4 3 5 4 2 3 6 3 7 3 2 2 905213383 Mon Sep  7 19:09:43 1998

2 3 4 1 7 2 6 4 2 1 4 3 3 2 7 3 4 2 3 1 4 5 3 1 7 2 8 4 5 1 5 5 2 1 8 4 7 2 4 1 905214089 Mon Sep  7 19:21:29 1998

1 1 1 1 4 3 2 1 1 2 1 3 1 2 3 1 1 1 1 2 1 2 1 1 3 1 2 1 1 2 1 1 1 1 2 2 2 1 1 2 905215527 Mon Sep  7 19:45:27 1998

2 5 2 1 8 4 3 4 3 2 4 7 4 2 6 3 8 4 3 2 3 7 3 2 8 6 8 4 2 2 3 5 3 6 7 4 6 2 2 4 905216556 Mon Sep  7 20:02:36 1998

3 3 2 1 7 4 5 4 3 2 5 4 4 2 7 4 2 4 2 1 3 4 4 1 7 5 6 4 2 2 3 5 3 2 7 3 6 3 2 1 905263624 Tue Sep  8  9:07:04 1998

2 3 4 2 7 6 3 3 3 1 1 3 2 2 7 8 3 3 1 2 2 3 2 1 7 7 3 4 2 2 3 3 2 2 8 6 3 5 2 2 905268919 Tue Sep  8 10:35:19 1998

6 4 3 2 8 2 2 4 2 2 3 5 2 2 6 3 3 3 4 2 2 4 4 1 6 3 6 4 3 3 2 4 3 3 6 2 3 3 2 2 905275702 Tue Sep  8 12:28:22 1998

2 7 3 1 7 3 4 3 2 2 4 7 3 2 6 3 1 4 3 2 4 8 3 2 8 5 2 6 1 1 8 8 4 2 7 5 2 4 2 1 905276415 Tue Sep  8 12:40:15 1998

6 5 4 4 5 3 3 4 3 4 6 4 4 3 4 4 5 4 4 6 6 6 4 4 4 4 5 4 3 5 6 4 4 4 5 4 3 3 3 3 905278468 Tue Sep  8 13:14:28 1998

3 4 1 1 8 1 2 4 3 5 6 8 2 2 8 3 1 2 1 4 5 8 1 1 8 3 3 2 2 2 3 3 2 1 8 1 6 2 1 4 905279160 Tue Sep  8 13:26:00 1998

2 4 5 1 8 4 3 4 2 1 3 4 3 2 8 4 2 4 3 1 3 4 4 1 8 5 1 2 2 2 3 6 2 1 8 4 2 4 2 2 905282968 Tue Sep  8 14:29:28 1998

3 3 3 1 8 4 1 3 1 1 3 4 3 1 7 3 2 3 2 2 4 4 3 2 8 3 1 3 3 2 4 5 3 1 7 3 2 3 2 1 905284880 Tue Sep  8 15:01:20 1998

7 9 7 9 8 7 6 7 6 8 5 7 8 6 6 6 5 6 5 6 7 6 7 6 5 7 6 6 6 6 6 6 8 8 6 5 5 7 5 8 905285360 Tue Sep  8 15:09:20 1998

6 7 7 2 9 4 7 8 5 2 8 9 6 3 9 5 7 5 5 2 8 7 4 3 9 5 4 4 4 2 7 7 6 6 9 5 8 4 7 3 905287820 Tue Sep  8 15:50:20 1998

2 7 6 7 6 3 5 2 8 7 5 6 9 2 1 7 8 3 8 4 9 5 2 3 4 6 8 7 1 1 5 2 2 8 3 4 6 7 9 1 905289228 Tue Sep  8 16:13:48 1998

5 5 2 2 7 4 4 3 3 3 6 5 3 2 7 3 4 4 2 3 6 5 3 2 8 5 4 3 2 4 5 5 3 2 7 4 5 3 3 3 905290680 Tue Sep  8 16:38:00 1998

3 4 6 1 6 6 7 3 3 1 5 5 7 2 5 7 4 1 2 3 4 6 6 2 7 6 7 2 3 3 5 4 7 2 7 6 3 1 4 1 905295151 Tue Sep  8 17:52:31 1998

6 7 3 5 8 5 6 4 4 2 6 5 3 3 8 4 5 3 4 2 4 7 3 3 8 4 4 3 4 3 5 6 3 4 8 3 6 3 4 2 905296299 Tue Sep  8 18:11:39 1998

5 4 3 2 8 4 6 4 3 1 5 7 3 2 9 4 6 3 5 2 6 7 3 2 9 5 4 3 4 1 7 5 3 2 9 4 8 3 3 1 905296324 Tue Sep  8 18:12:04 1998

4 5 2 2 9 2 6 3 3 1 4 3 3 6 8 2 6 2 3 1 4 5 3 3 8 3 3 1 5 2 5 5 2 5 9 3 7 2 4 6 905303075 Tue Sep  8 20:04:35 1998

2 3 3 2 6 2 2 2 3 2 2 3 3 2 6 2 2 2 2 1 2 2 1 2 6 2 2 1 2 2 2 3 2 1 6 1 1 1 2 2 905305510 Tue Sep  8 20:45:10 1998

4 4 4 2 6 3 5 4 4 2 5 4 4 1 5 5 3 3 3 2 7 6 3 2 7 7 3 5 4 1 6 7 3 4 8 4 5 3 4 2 905309289 Tue Sep  8 21:48:09 1998

8 7 4 3 8 7 6 3 6 2 7 7 3 3 6 6 5 4 3 2 7 8 3 3 7 6 5 6 6 2 8 6 4 4 7 5 4 3 3 2 905310109 Tue Sep  8 22:01:49 1998

7 5 4 3 8 3 7 3 5 3 7 6 3 3 6 3 5 2 3 4 8 8 3 2 7 5 6 3 3 1 9 7 3 1 7 4 4 2 2 1 905310411 Tue Sep  8 22:06:51 1998

4 4 6 1 8 3 5 3 2 1 4 4 3 2 8 4 4 2 3 2 4 7 4 1 8 3 2 3 2 3 4 5 4 1 8 4 4 2 1 2 905320178 Wed Sep  9  0:49:38 1998

5 5 4 2 7 4 2 3 3 2 3 4 3 3 8 3 2 2 3 1 3 6 3 3 8 5 4 3 4 2 4 6 2 3 6 5 4 2 3 2 905324313 Wed Sep  9  1:58:33 1998

3 3 3 2 7 4 5 5 2 3 5 6 3 3 7 4 3 2 3 2 5 7 3 3 7 4 3 3 2 2 4 5 3 2 7 4 3 3 2 2 905360323 Wed Sep  9 11:58:43 1998

3 5 2 1 7 2 4 2 1 1 5 4 2 1 6 2 1 2 1 1 4 6 2 1 6 2 1 2 2 1 7 7 1 1 6 2 4 2 3 1 905367592 Wed Sep  9 13:59:52 1998

7 2 3 1 8 6 5 3 1 1 7 3 2 2 6 2 1 1 1 3 8 4 2 2 7 3 3 1 1 1 8 6 1 1 7 2 3 1 1 1 905368932 Wed Sep  9 14:22:12 1998

1 4 1 2 7 3 3 3 4 2 2 2 3 3 6 4 2 3 2 1 3 3 3 2 7 5 3 3 1 3 2 3 2 1 8 3 2 2 1 1 905370626 Wed Sep  9 14:50:26 1998

3 2 3 2 7 1 2 1 1 1 3 2 2 2 7 1 1 1 1 2 3 3 2 3 7 2 2 1 2 1 3 3 2 2 7 2 2 1 2 1 905371132 Wed Sep  9 14:58:52 1998

7 7 5 6 8 4 7 3 5 4 7 7 5 6 8 4 7 4 6 4 7 7 4 6 8 4 7 3 6 4 6 7 4 6 8 4 7 4 6 4 905375999 Wed Sep  9 16:19:59 1998

3 4 4 4 6 4 8 5 2 3 5 3 3 3 8 3 6 3 2 6 4 6 2 4 7 4 5 4 2 2 6 8 3 3 7 3 6 3 5 3 905391382 Wed Sep  9 20:36:22 1998

3 7 4 4 8 1 4 2 2 2 5 4 3 2 8 1 2 3 1 2 2 6 4 6 8 2 3 2 1 3 6 7 2 2 8 4 3 3 3 2 905396144 Wed Sep  9 21:55:44 1998

8 3 2 1 6 6 4 2 2 1 7 8 3 5 9 5 4 2 3 1 7 7 3 2 9 6 4 3 3 1 6 6 2 3 8 2 6 1 2 1 905398170 Wed Sep  9 22:29:30 1998

6 6 2 1 8 4 5 2 2 4 6 5 1 1 8 3 2 2 3 4 7 7 2 1 8 5 2 3 2 5 7 5 2 3 8 3 5 2 2 4 905450268 Thu Sep 10 12:57:48 1998

2 6 2 2 8 3 4 2 3 5 3 5 5 3 6 4 5 2 3 6 5 4 2 3 7 4 5 4 4 5 6 4 3 3 6 4 5 3 3 4 905450394 Thu Sep 10 12:59:54 1998

5 5 2 1 6 3 3 4 2 2 6 6 7 2 8 3 6 3 3 4 4 7 3 2 7 5 3 4 3 1 8 6 3 2 6 3 8 4 3 1 905450783 Thu Sep 10 13:06:23 1998

7 6 5 3 7 3 3 2 3 3 7 7 1 4 8 2 3 3 3 1 7 8 2 3 7 3 6 2 3 3 8 7 3 7 7 3 3 3 2 2 905450839 Thu Sep 10 13:07:19 1998

2 7 2 1 8 3 4 2 2 4 2 8 2 3 8 3 4 3 2 6 4 6 2 3 9 3 5 3 1 5 4 8 3 2 9 2 4 4 2 6 905459665 Thu Sep 10 15:34:25 1998

2 2 3 2 8 3 6 4 3 3 2 4 3 3 8 5 4 3 2 3 2 3 3 2 8 4 3 3 3 3 3 4 3 3 8 4 3 2 2 2 905460652 Thu Sep 10 15:50:52 1998

2 5 2 2 7 4 4 3 4 5 2 2 1 2 3 3 5 4 3 4 3 3 2 3 4 5 4 2 2 3 1 2 1 5 2 2 3 2 6 7 905546062 Fri Sep 11 15:34:22 1998

2 3 3 1 8 3 6 5 4 2 4 4 3 2 8 2 3 4 5 2 2 3 1 4 9 5 5 3 3 3 2 2 3 2 6 5 2 2 3 1 905551754 Fri Sep 11 17:09:14 1998

8 8 3 1 7 7 7 2 1 3 7 3 2 1 5 2 7 2 1 5 6 4 1 3 7 5 7 2 1 4 6 2 3 7 6 7 8 2 1 3 905694215 Sun Sep 13  8:43:35 1998

3 3 2 1 4 2 3 2 2 1 3 3 1 1 2 1 2 1 2 1 2 3 1 2 4 3 3 1 2 2 4 2 2 2 3 3 3 1 2 1 905698038 Sun Sep 13  9:47:18 1998

3 3 3 2 8 4 5 1 5 1 3 4 2 1 8 2 3 2 2 3 3 4 2 2 8 1 3 2 2 1 3 5 2 1 8 2 4 1 3 1 905700014 Sun Sep 13 10:20:14 1998

3 3 3 2 8 4 5 1 5 1 3 4 2 1 8 2 3 2 2 3 3 4 2 2 8 1 3 2 2 1 3 5 2 1 8 2 4 1 3 1 905700734 Sun Sep 13 10:32:14 1998

6 5 3 2 6 5 5 3 2 2 5 5 4 3 7 4 3 2 3 2 3 6 4 3 6 4 6 4 4 3 3 7 2 5 5 3 5 4 4 4 905722970 Sun Sep 13 16:42:50 1998

5 4 3 3 7 4 4 3 3 2 5 4 2 3 5 3 5 2 3 2 6 5 3 5 7 4 4 2 2 3 6 2 3 4 4 3 5 2 3 2 905724389 Sun Sep 13 17:06:29 1998

5 6 3 2 8 4 3 4 3 1 5 7 3 2 7 3 3 4 3 2 6 6 4 2 7 3 4 3 4 2 5 7 3 3 8 5 3 2 4 2 905736285 Sun Sep 13 20:24:45 1998

9 9 4 5 9 8 8 4 2 3 9 9 5 4 9 9 7 2 3 1 9 9 4 8 9 9 9 3 3 3 9 8 4 2 9 9 9 4 1 2 905736442 Sun Sep 13 20:27:22 1998

1 1 1 1 1 1 1 1 1 1 2 3 6 8 7 4 5 1 1 2 2 5 8 7 6 4 3 4 1 9 4 8 1 7 2 3 5 6 8 9 905740040 Sun Sep 13 21:27:20 1998

6 4 1 1 7 5 2 2 3 1 5 4 3 1 8 3 7 2 1 3 5 7 4 1 8 6 5 2 2 1 6 5 6 2 9 4 6 3 1 2 905741459 Sun Sep 13 21:50:59 1998

4 6 3 2 8 3 7 3 2 1 5 5 4 4 8 3 7 3 4 1 5 5 5 3 7 5 6 4 4 2 4 7 4 3 8 4 7 4 3 2 905750582 Mon Sep 14  0:23:02 1998

3 4 2 1 9 5 7 7 8 2 6 4 1 1 9 1 4 5 3 2 5 7 1 2 9 3 6 2 4 3 5 7 1 3 9 4 4 1 2 4 905796329 Mon Sep 14 13:05:29 1998

3 5 3 3 6 3 4 3 4 2 5 5 4 3 6 4 4 4 3 3 6 6 4 3 6 4 4 4 4 3 6 5 3 4 6 4 4 3 3 4 905799980 Mon Sep 14 14:06:20 1998

7 3 3 3 7 6 6 3 5 2 2 4 2 2 7 4 6 1 2 3 6 3 1 2 8 4 8 2 2 2 6 5 2 3 8 5 7 3 2 2 905803703 Mon Sep 14 15:08:23 1998

7 8 8 6 8 7 7 8 8 7 8 7 8 7 7 6 7 7 8 8 8 8 8 7 8 7 7 8 8 7 7 8 7 8 8 7 6 6 8 6 905806073 Mon Sep 14 15:47:53 1998

5 7 6 3 8 7 7 3 3 2 5 8 4 2 9 7 4 4 3 1 5 8 6 2 9 6 7 3 1 2 4 7 3 2 9 5 6 4 3 2 905806923 Mon Sep 14 16:02:03 1998

7 6 5 1 8 2 2 3 7 1 9 7 4 8 8 5 9 5 4 3 8 8 3 8 9 4 6 2 3 2 8 5 2 2 6 4 9 1 2 1 905807173 Mon Sep 14 16:06:13 1998

8 5 4 3 8 4 8 5 3 3 8 7 5 6 7 4 6 4 3 3 7 7 4 3 8 4 6 4 3 4 7 7 3 3 7 4 6 4 3 2 905812410 Mon Sep 14 17:33:30 1998

5 4 3 2 9 6 7 2 3 2 3 8 2 1 8 1 2 2 1 3 7 7 4 2 8 2 5 2 3 2 7 7 2 2 6 2 2 3 4 1 905817037 Mon Sep 14 18:50:37 1998

6 3 4 2 8 5 7 6 5 2 6 4 3 4 8 3 4 4 5 4 7 5 2 2 8 5 6 4 4 2 6 5 3 4 8 5 6 3 3 2 905820919 Mon Sep 14 19:55:19 1998

2 1 4 2 6 7 8 6 5 5 1 3 3 3 7 7 9 2 1 5 1 3 3 6 8 6 9 2 3 7 1 2 4 2 7 7 9 3 4 7 905823830 Mon Sep 14 20:43:50 1998

5 3 4 4 8 6 6 2 2 4 4 3 5 2 7 6 3 4 2 3 4 3 7 2 7 6 2 3 2 3 5 4 6 2 7 8 2 3 2 3 905871109 Tue Sep 15  9:51:49 1998

6 4 1 4 9 1 6 2 2 2 7 6 2 4 9 4 2 3 2 4 5 8 3 4 9 6 3 5 6 2 7 8 3 3 9 4 3 7 6 3 905874121 Tue Sep 15 10:42:01 1998

6 4 2 3 3 5 1 7 4 5 4 5 4 4 4 6 4 2 1 3 4 5 9 7 5 5 4 4 6 1 4 4 1 3 2 3 5 5 3 4 905874565 Tue Sep 15 10:49:25 1998

4 3 2 2 8 3 5 2 3 1 6 5 2 3 7 2 5 2 3 2 5 6 3 3 8 2 4 2 3 1 6 5 2 5 8 2 7 2 3 1 905876112 Tue Sep 15 11:15:12 1998

7 7 4 3 9 6 7 5 4 3 6 7 4 5 7 5 3 4 3 5 5 6 3 5 7 5 3 4 2 4 5 6 3 2 6 3 5 3 4 3 905907989 Tue Sep 15 20:06:29 1998

7 7 4 3 9 6 7 5 4 3 6 7 4 5 7 5 3 4 3 5 5 6 3 5 7 5 3 4 2 4 5 6 3 2 6 3 5 3 4 3 905908517 Tue Sep 15 20:15:17 1998

6 3 8 1 4 6 6 3 2 2 3 2 3 4 2 2 1 3 2 1 4 4 5 5 7 2 6 4 5 3 2 3 5 1 7 6 6 4 2 6 905983271 Wed Sep 16 17:01:11 1998

6 8 2 2 9 4 3 5 3 1 5 8 5 2 9 5 6 4 6 4 7 8 4 3 9 4 3 6 2 1 6 8 4 1 9 4 3 2 3 3 905992099 Wed Sep 16 19:28:19 1998

5 6 4 1 7 5 1 2 3 1 7 6 4 2 7 3 2 2 1 1 6 8 4 1 6 5 2 4 2 1 6 8 3 2 7 4 2 4 1 1 907861422 Thu Oct  8 10:43:42 1998

2 3 1 2 7 5 2 3 2 1 3 5 2 4 7 3 5 4 2 3 3 3 3 4 7 4 4 2 1 1 3 5 2 3 7 3 5 2 3 1 907867250 Thu Oct  8 12:20:50 1998

3 5 3 2 6 4 4 2 3 1 4 6 4 4 6 4 3 3 2 3 5 4 5 3 7 3 4 2 4 3 6 6 3 5 8 4 7 2 5 2 907884574 Thu Oct  8 17:09:34 1998

3 5 3 2 6 4 4 2 3 1 4 6 4 4 6 4 3 3 2 3 5 4 5 3 7 3 4 2 4 3 6 6 3 5 8 4 4 2 5 2 907884660 Thu Oct  8 17:11:00 1998

3 1 2 1 8 4 3 1 1 2 2 1 3 2 8 3 2 2 1 1 3 6 3 1 8 4 2 2 1 2 3 3 5 1 8 6 2 1 1 1 907901177 Thu Oct  8 21:46:17 1998

5 3 2 3 8 2 3 1 2 1 3 3 2 2 9 4 4 1 2 1 5 4 2 3 9 2 5 1 3 1 5 6 2 3 8 2 5 1 2 1 907907604 Thu Oct  8 23:33:24 1998

3 4 2 1 5 2 3 2 3 1 3 3 2 1 5 1 1 2 2 1 2 3 2 1 4 1 1 1 1 1 3 3 1 1 5 2 1 2 2 1 908064269 Sat Oct 10 19:04:29 1998

5 8 6 7 7 4 8 7 3 6 3 2 5 1 2 4 1 2 3 6 5 4 3 2 5 2 4 3 6 4 6 6 5 6 6 7 8 5 8 9 908147203 Sun Oct 11 18:06:43 1998

6 7 3 2 6 3 7 4 2 1 7 8 5 6 8 5 4 5 4 2 8 7 5 3 8 5 7 5 3 2 7 6 4 5 8 5 8 5 2 1 908154991 Sun Oct 11 20:16:31 1998

6 7 3 2 6 3 7 4 2 1 7 8 5 6 8 5 4 5 4 2 8 7 5 3 8 5 7 5 3 2 7 6 4 5 8 5 8 5 2 1 908155089 Sun Oct 11 20:18:09 1998

6 7 3 2 6 3 7 4 2 1 7 8 5 6 8 5 4 5 4 2 8 7 5 3 8 5 7 5 3 2 7 6 4 5 8 5 8 5 2 1 908155202 Sun Oct 11 20:20:02 1998

6 7 3 2 6 3 7 4 2 1 7 8 5 6 8 5 4 5 4 2 8 7 5 3 8 5 7 5 3 2 7 6 4 5 8 5 8 5 2 1 908155219 Sun Oct 11 20:20:19 1998

6 7 3 2 6 3 7 4 2 1 7 8 5 6 8 5 4 5 4 2 8 7 5 3 8 5 7 5 3 2 7 6 4 5 8 5 8 5 2 1 908155234 Sun Oct 11 20:20:34 1998

6 7 3 2 6 3 7 4 2 1 7 8 5 6 8 5 4 5 4 2 8 7 5 3 8 5 7 5 3 2 7 6 4 5 8 5 8 5 2 1 908155378 Sun Oct 11 20:22:58 1998

2 6 1 1 7 3 1 2 1 1 4 7 2 5 9 6 4 4 1 2 4 7 3 3 9 4 5 3 6 2 6 7 2 5 9 7 7 6 6 4 908211629 Mon Oct 12 12:00:29 1998

5 6 2 3 9 4 4 3 6 1 6 6 2 4 9 5 3 5 6 1 5 6 3 4 9 3 4 2 3 1 3 7 2 5 9 5 6 6 7 1 908212781 Mon Oct 12 12:19:41 1998

3 4 1 2 6 5 4 2 2 3 6 7 3 4 8 8 7 1 2 5 6 9 2 5 8 5 5 3 2 4 8 9 2 3 8 4 6 2 1 3 908216135 Mon Oct 12 13:15:35 1998

3 5 3 2 6 3 5 2 4 1 4 5 4 4 6 3 4 2 3 2 5 4 2 3 7 3 5 1 4 3 6 5 3 5 8 3 5 2 5 2 908224201 Mon Oct 12 15:30:01 1998

6 7 3 2 6 3 7 4 2 1 7 8 5 6 8 5 4 5 4 2 8 7 5 3 8 5 7 5 3 2 7 6 4 5 8 5 8 5 2 1 908231196 Mon Oct 12 17:26:36 1998

2 3 2 5 3 3 4 3 3 3 3 2 3 3 3 4 3 4 3 2 3 4 5 4 3 4 2 3 5 2 6 4 3 1 4 3 4 3 4 3 908243152 Mon Oct 12 20:45:52 1998

6 5 2 3 7 4 7 1 1 2 5 3 4 5 8 4 7 3 3 4 6 4 3 4 6 3 5 2 2 2 4 3 2 2 3 3 7 1 2 4 908248088 Mon Oct 12 22:08:08 1998

6 3 2 2 6 5 5 2 1 2 3 2 3 3 4 3 7 2 3 7 5 5 4 2 4 6 8 1 2 7 6 3 4 4 5 7 7 2 3 6 908257448 Tue Oct 13  0:44:08 1998

3 7 1 1 6 2 4 2 1 1 2 7 2 1 6 1 4 2 4 1 2 8 1 2 8 2 3 2 4 1 2 8 2 2 6 2 2 2 3 1 908266088 Tue Oct 13  3:08:08 1998

1 4 1 4 2 5 1 1 1 5 4 5 5 5 5 4 4 4 2 3 2 2 2 2 2 2 2 2 2 2 3 3 2 3 2 3 4 3 3 3 908294401 Tue Oct 13 11:00:01 1998

2 2 1 1 5 3 2 2 1 1 3 2 2 2 7 4 5 1 1 2 4 6 2 2 7 5 5 3 1 3 6 4 2 2 8 7 3 2 1 2 908316628 Tue Oct 13 17:10:28 1998

6 4 3 2 7 5 5 2 2 2 7 4 4 4 6 6 5 3 4 3 5 4 3 4 7 5 5 3 4 3 6 4 4 4 8 7 5 3 2 3 908325747 Tue Oct 13 19:42:27 1998

3 4 2 2 8 4 2 2 1 1 1 4 4 2 2 4 4 1 1 1 3 3 2 2 2 3 3 3 3 1 1 5 1 3 1 1 3 3 3 5 908350144 Wed Oct 14  2:29:04 1998

3 6 3 1 8 2 4 3 3 2 3 5 2 2 9 2 4 2 1 1 3 5 2 1 9 4 5 3 3 2 3 3 2 1 9 6 6 2 4 2 908393521 Wed Oct 14 14:32:01 1998

7 8 3 8 4 6 2 1 5 9 6 5 2 2 1 4 3 8 9 7 9 5 2 3 4 6 8 7 6 1 6 1 3 9 4 5 7 8 3 2 908411294 Wed Oct 14 19:28:14 1998

3 2 1 1 9 5 3 1 1 1 4 4 5 5 9 9 7 1 1 1 5 6 5 5 9 8 6 5 3 5 4 1 2 2 9 6 8 4 1 4 909147496 Fri Oct 23  7:58:16 1998

9 9 1 9 1 9 1 1 9 9 5 5 5 5 5 5 5 5 5 5 1 1 1 1 1 1 1 1 1 1 5 5 5 5 5 5 5 5 5 5 909429822 Mon Oct 26 14:23:42 1998

9 9 1 9 1 9 1 1 9 9 5 5 5 5 5 5 5 5 5 5 1 1 1 1 1 1 1 1 1 1 5 5 5 5 5 5 5 5 5 5 909430097 Mon Oct 26 14:28:17 1998

2 8 2 1 7 5 3 5 6 1 4 9 4 5 8 7 5 6 4 6 6 5 3 2 7 3 4 3 4 5 4 6 4 2 7 5 5 4 4 4 909767598 Fri Oct 30 12:13:18 1998

2 5 3 3 4 1 2 1 5 4 6 5 7 5 6 9 8 8 9 7 4 5 2 3 4 1 3 2 5 1 6 5 9 8 8 7 5 9 7 6 935419938 Mon Aug 23  9:52:18 1999

4 4 4 1 5 4 2 3 4 2 7 5 2 2 5 2 1 3 3 1 6 7 4 1 8 4 4 2 2 3 4 6 3 2 7 2 1 2 1 1 936725863 Tue Sep  7 12:37:43 1999

2 3 4 2 8 6 6 3 2 1 2 3 2 5 8 4 8 4 3 2 4 4 3 4 8 4 8 3 3 3 2 3 3 2 8 4 8 3 3 1 936727174 Tue Sep  7 12:59:34 1999

6 5 3 3 8 5 6 4 2 1 7 4 3 4 8 5 7 4 2 5 6 3 5 4 8 7 7 3 3 5 6 5 4 4 8 5 6 1 2 7 936729561 Tue Sep  7 13:39:21 1999

7 2 3 6 8 4 7 3 2 5 7 2 3 5 8 6 7 5 2 6 7 3 6 7 8 7 7 2 2 5 6 2 5 7 8 6 7 2 2 6 936730535 Tue Sep  7 13:55:35 1999

7 8 2 1 6 4 2 1 1 4 6 7 1 1 9 3 3 1 1 5 4 3 2 2 9 1 4 1 1 7 2 8 1 3 9 3 1 1 2 1 936735090 Tue Sep  7 15:11:30 1999

7 6 4 3 6 4 1 3 3 2 5 4 4 2 7 4 2 2 2 1 6 5 4 2 7 4 2 3 2 2 6 5 3 1 7 4 3 2 2 2 936736556 Tue Sep  7 15:35:56 1999

5 1 2 3 8 3 2 3 2 1 3 4 2 3 8 5 2 1 3 1 5 8 3 2 8 5 3 3 2 2 7 8 2 1 8 5 3 4 4 1 936739656 Tue Sep  7 16:27:36 1999

1 2 1 1 4 2 2 2 1 1 1 1 1 1 4 2 1 1 1 1 1 2 1 1 4 1 1 1 1 1 1 2 1 1 5 3 3 1 1 1 936740550 Tue Sep  7 16:42:30 1999

1 3 1 1 5 3 2 3 2 2 5 5 4 5 7 6 4 3 3 1 5 4 4 3 8 5 8 2 2 4 5 4 4 3 8 8 8 6 3 1 936752328 Tue Sep  7 19:58:48 1999

7 8 2 2 8 1 6 3 3 1 7 8 3 2 9 2 8 2 4 2 5 7 2 2 9 2 6 1 2 1 4 8 2 2 9 2 7 2 2 1 936753013 Tue Sep  7 20:10:13 1999

3 3 5 1 7 2 6 3 4 3 3 3 4 2 5 2 6 1 2 2 3 3 2 2 4 2 7 1 3 2 3 3 2 2 3 4 7 2 2 4 936755729 Tue Sep  7 20:55:29 1999

6 6 7 2 8 5 3 7 3 4 6 7 6 4 8 5 3 5 3 4 7 7 6 3 8 5 4 6 3 5 7 6 6 3 8 7 5 6 3 3 936811851 Wed Sep  8 12:30:51 1999

3 4 4 3 8 2 7 4 2 3 4 3 3 2 5 3 5 2 4 2 3 4 3 4 7 4 6 5 3 4 3 2 3 4 7 4 4 3 3 2 936812901 Wed Sep  8 12:48:21 1999

4 2 3 4 4 5 9 4 4 2 7 5 6 4 7 6 7 4 3 2 7 6 3 5 4 2 9 5 6 4 7 8 4 7 5 4 7 4 6 4 936816639 Wed Sep  8 13:50:39 1999

4 5 4 3 6 4 6 5 3 2 3 4 3 4 7 3 4 5 4 2 5 6 2 4 7 4 5 4 2 3 5 4 2 3 8 5 6 4 3 2 936818692 Wed Sep  8 14:24:52 1999

2 6 1 1 5 2 5 2 2 1 3 5 2 5 5 3 2 2 2 3 5 4 3 3 5 4 4 3 2 9 4 5 2 3 6 2 6 2 1 9 936830795 Wed Sep  8 17:46:35 1999

6 8 1 5 2 3 2 4 1 1 7 9 1 4 5 4 2 5 6 7 6 9 2 4 5 3 1 2 3 2 7 9 2 1 7 2 2 1 3 3 936840058 Wed Sep  8 20:20:58 1999

4 7 4 3 8 7 7 6 3 5 7 4 4 4 8 6 6 2 3 6 6 5 4 2 8 3 7 2 3 7 6 6 4 5 8 5 7 2 3 4 936843868 Wed Sep  8 21:24:28 1999

8 5 1 4 8 2 5 3 4 1 9 7 3 6 8 2 9 1 1 2 9 7 2 4 8 3 8 4 5 3 9 7 1 6 9 7 7 2 2 2 936851673 Wed Sep  8 23:34:33 1999

5 4 3 2 7 3 5 2 4 1 4 3 1 2 8 2 2 1 1 1 3 3 2 3 7 2 5 1 1 1 5 5 1 5 6 2 2 1 1 2 936881429 Thu Sep  9  7:50:29 1999

7 5 2 3 6 3 5 3 4 2 6 5 3 2 5 4 5 4 4 2 3 4 3 4 7 2 6 1 1 2 1 4 2 2 4 3 5 2 3 1 936899790 Thu Sep  9 12:56:30 1999

9 3 2 7 8 3 5 3 4 1 9 5 2 5 9 2 1 4 3 1 8 5 2 2 9 7 2 4 2 3 7 3 2 1 9 4 3 2 2 1 936903022 Thu Sep  9 13:50:22 1999

5 6 4 1 8 3 4 2 2 1 3 2 5 1 8 2 1 3 4 1 5 7 5 3 9 5 3 4 3 3 5 4 3 1 9 3 4 3 1 4 936907532 Thu Sep  9 15:05:32 1999

1 2 2 1 5 2 5 3 4 1 2 1 1 4 9 1 5 1 2 1 3 2 2 2 7 2 8 2 2 3 2 1 1 1 5 3 4 1 2 1 936936335 Thu Sep  9 23:05:35 1999

2 5 3 4 7 6 6 3 4 1 4 4 2 2 6 3 2 2 2 2 3 5 2 3 6 3 2 3 3 3 3 4 3 3 6 2 4 2 3 2 936975828 Fri Sep 10 10:03:48 1999

1 3 1 1 7 2 3 2 1 1 2 4 2 1 8 3 4 1 1 2 2 4 1 1 8 5 6 2 1 2 4 3 1 1 8 7 6 2 1 2 936985454 Fri Sep 10 12:44:14 1999

3 3 3 1 8 4 6 3 2 2 4 5 5 3 7 2 6 2 3 2 3 7 4 4 8 3 3 3 3 3 4 9 4 3 7 5 3 2 3 3 936986584 Fri Sep 10 13:03:04 1999

3 3 1 1 3 2 2 2 2 3 4 5 1 5 5 1 1 1 2 1 4 6 2 1 6 2 2 2 2 2 3 4 1 1 6 7 2 2 1 3 936995691 Fri Sep 10 15:34:51 1999

5 4 3 1 6 3 2 4 2 2 5 4 4 2 6 4 2 4 2 1 5 4 3 2 6 3 3 3 2 2 5 4 2 1 6 4 2 2 2 1 937073429 Sat Sep 11 13:10:29 1999

4 2 3 3 7 5 8 3 3 3 6 6 3 2 7 5 8 3 3 3 4 5 5 3 7 4 8 2 3 6 6 4 3 3 6 6 8 3 2 4 937097183 Sat Sep 11 19:46:23 1999

4 5 5 3 7 4 8 3 3 3 5 6 3 4 7 4 8 3 3 4 5 6 3 4 7 4 8 3 2 5 5 6 4 3 7 4 8 2 2 4 937097629 Sat Sep 11 19:53:49 1999

9 8 1 7 6 5 4 2 3 1 7 5 3 5 8 3 6 2 3 1 7 8 2 2 9 6 6 4 5 1 9 6 2 5 7 3 6 3 4 3 937163722 Sun Sep 12 14:15:22 1999

2 5 4 2 7 3 6 4 5 2 6 5 1 1 6 4 3 3 4 4 6 6 2 1 7 5 5 4 4 3 6 5 2 1 4 3 3 2 1 4 937170416 Sun Sep 12 16:06:56 1999

3 6 2 2 8 1 5 3 4 2 6 6 2 2 8 3 6 3 3 2 7 6 2 5 8 2 6 3 5 2 7 6 2 2 8 2 6 2 6 2 937174448 Sun Sep 12 17:14:08 1999

3 6 6 2 8 5 7 3 3 4 6 5 5 5 6 3 7 4 5 3 7 5 4 3 6 4 6 6 3 5 4 4 3 5 7 5 6 2 2 3 937174601 Sun Sep 12 17:16:41 1999

1 2 1 1 8 2 4 3 2 1 1 4 1 4 8 3 2 1 1 2 1 3 1 1 8 2 2 1 2 1 1 2 1 2 8 2 2 1 2 1 937175453 Sun Sep 12 17:30:53 1999

1 7 1 1 7 2 4 2 2 6 3 8 2 2 8 3 4 2 3 5 2 5 2 2 7 3 3 2 2 3 2 4 1 3 8 2 6 2 3 5 937183530 Sun Sep 12 19:45:30 1999

4 4 4 1 7 8 7 3 2 1 3 3 6 2 7 2 7 2 2 2 2 4 1 1 5 2 6 2 1 2 4 4 1 1 6 4 5 2 1 2 937191609 Sun Sep 12 22:00:09 1999

3 6 2 4 3 4 5 3 3 2 6 6 2 5 8 2 5 2 4 3 6 6 3 5 8 2 5 3 4 3 6 5 2 5 8 2 5 3 5 2 937194761 Sun Sep 12 22:52:41 1999

4 4 4 4 4 4 4 4 4 4 4 4 4 4 4 4 4 4 4 4 4 6 4 4 4 5 4 4 4 3 4 5 4 2 4 4 4 4 5 5 937199820 Mon Sep 13  0:17:00 1999

4 7 2 3 8 3 3 7 1 4 6 8 3 1 8 5 3 4 3 5 5 7 3 2 8 5 4 7 2 3 5 7 3 2 6 4 2 3 4 6 937233245 Mon Sep 13  9:34:05 1999

5 5 3 2 7 4 7 4 6 1 6 4 5 5 8 1 8 2 3 1 4 8 2 3 8 5 7 3 5 2 7 6 2 3 8 5 6 3 4 1 937238392 Mon Sep 13 10:59:52 1999

6 6 7 2 8 5 3 7 3 4 6 7 6 4 6 6 3 5 3 4 7 7 6 3 8 5 4 6 3 5 7 6 6 3 7 7 5 6 3 3 937241468 Mon Sep 13 11:51:08 1999

6 4 2 1 8 4 5 4 5 3 6 4 2 3 7 2 5 4 3 3 6 6 2 1 7 4 5 3 4 3 6 4 3 3 8 1 5 2 3 2 937242982 Mon Sep 13 12:16:22 1999

3 5 3 2 8 4 7 2 5 1 3 3 4 6 8 2 4 1 5 2 4 3 4 3 7 2 5 1 6 2 2 4 3 2 6 3 5 3 6 3 937246629 Mon Sep 13 13:17:09 1999

2 5 1 1 6 2 4 3 3 4 4 3 1 2 5 2 3 2 4 4 1 3 1 2 4 3 3 4 3 5 1 4 2 1 4 4 3 2 3 3 937251523 Mon Sep 13 14:38:43 1999

4 6 2 3 4 5 5 1 6 7 5 4 4 3 6 2 7 1 2 4 4 3 2 4 4 8 5 6 3 6 5 5 3 6 6 8 9 4 6 9 937257671 Mon Sep 13 16:21:11 1999

5 4 4 1 7 2 6 4 3 2 4 3 2 2 5 2 4 3 2 4 5 2 3 1 7 4 4 2 3 2 3 3 4 3 8 4 6 3 2 3 937258530 Mon Sep 13 16:35:30 1999

3 5 3 1 9 5 8 6 4 2 6 7 2 2 9 9 8 4 2 1 9 4 3 1 9 8 7 3 4 2 9 7 3 2 8 9 7 8 5 1 937259069 Mon Sep 13 16:44:29 1999

8 6 2 2 6 4 7 3 5 1 9 7 4 4 7 3 8 2 1 5 9 7 3 2 6 4 8 5 1 5 6 8 3 2 7 5 4 1 3 7 937264697 Mon Sep 13 18:18:17 1999

2 2 1 1 4 1 7 1 3 3 2 2 3 3 4 1 6 1 1 1 3 2 1 3 5 4 7 2 3 1 2 5 1 3 4 2 6 2 2 2 937267280 Mon Sep 13 19:01:20 1999

4 7 1 3 8 2 6 2 1 2 5 8 5 2 9 4 3 4 2 3 4 7 4 2 9 5 2 4 2 3 6 8 7 1 9 5 2 3 1 3 937268604 Mon Sep 13 19:23:24 1999

8 4 4 3 8 7 5 3 4 5 8 6 4 5 8 5 5 4 4 3 6 6 3 3 8 5 7 4 3 4 8 8 3 2 8 5 5 3 2 7 937268670 Mon Sep 13 19:24:30 1999

5 5 4 3 7 5 3 4 3 2 5 6 4 5 7 4 5 4 3 4 5 5 4 3 7 4 6 5 4 3 4 4 4 4 7 5 5 4 3 4 937270398 Mon Sep 13 19:53:18 1999

3 3 2 3 8 4 4 3 5 2 3 4 2 3 9 3 4 3 4 2 2 6 3 2 9 3 2 3 4 3 3 5 3 2 9 3 2 2 3 2 937270867 Mon Sep 13 20:01:07 1999

9 4 2 2 8 6 7 3 1 3 8 5 2 4 8 4 6 3 1 2 6 5 4 1 9 3 5 2 1 2 5 7 3 2 8 4 2 1 3 1 937274210 Mon Sep 13 20:56:50 1999

6 7 2 1 8 4 3 2 2 8 7 7 1 6 8 2 6 2 2 2 7 6 4 3 8 5 6 3 6 2 8 7 3 3 8 4 7 2 2 1 937308046 Tue Sep 14  6:20:46 1999

5 5 3 4 8 3 7 3 4 2 5 3 2 3 6 2 7 2 4 3 4 4 2 3 7 2 7 1 2 1 5 5 1 3 6 2 8 2 3 2 937318669 Tue Sep 14  9:17:49 1999

8 4 7 1 7 3 6 2 2 1 6 5 3 1 7 3 5 3 5 1 7 6 4 1 7 8 6 7 4 1 9 6 6 2 7 5 9 2 2 1 937321601 Tue Sep 14 10:06:41 1999

5 3 4 3 9 2 4 2 2 1 5 4 2 3 9 2 4 2 3 2 6 6 5 4 9 4 5 4 4 2 4 4 3 4 9 3 5 3 1 2 937323312 Tue Sep 14 10:35:12 1999

4 6 1 2 8 7 3 2 4 1 7 6 2 3 8 3 3 2 1 3 6 5 2 2 8 5 3 4 3 2 5 4 2 2 8 3 3 2 2 2 937324752 Tue Sep 14 10:59:12 1999

2 3 5 3 2 4 2 3 2 3 4 5 5 3 4 5 6 2 1 3 5 5 6 5 5 5 6 5 6 4 4 4 4 6 3 2 6 6 4 3 937325212 Tue Sep 14 11:06:52 1999

8 6 4 4 8 7 5 2 4 3 6 8 4 2 9 3 5 4 3 2 7 7 3 2 8 6 5 4 3 4 6 6 4 3 7 4 3 2 2 5 937345137 Tue Sep 14 16:38:57 1999

3 1 5 3 6 4 5 4 1 1 1 1 1 1 1 1 2 1 1 1 1 1 1 1 1 1 1 1 1 1 1 1 1 1 1 1 1 1 1 1 937406406 Wed Sep 15  9:40:06 1999

1 1 1 1 1 1 1 1 1 1 1 1 1 1 1 1 1 1 1 1 1 1 1 1 1 1 1 1 1 1 1 1 1 1 1 1 1 1 1 1 937427987 Wed Sep 15 15:39:47 1999

3 4 4 2 6 4 3 4 3 2 4 3 3 4 6 4 3 4 2 2 3 5 4 3 6 4 4 3 4 2 3 5 3 4 5 3 5 4 3 3 937430774 Wed Sep 15 16:26:14 1999

5 4 4 2 7 4 8 3 2 1 4 6 3 1 8 3 1 2 3 1 7 5 3 2 8 6 5 4 2 1 5 7 3 1 8 4 2 3 3 1 937582228 Fri Sep 17 10:30:28 1999

4 4 3 2 8 5 4 1 3 2 3 2 2 2 8 4 5 2 4 2 6 2 3 4 8 4 5 2 2 2 2 3 3 3 8 5 5 1 1 3 937872959 Mon Sep 20 19:15:59 1999

3 3 1 1 5 5 4 1 1 1 4 2 1 2 4 1 3 1 1 3 3 3 1 1 3 1 4 1 2 1 3 2 1 2 3 1 3 1 1 3 938404964 Sun Sep 26 23:02:44 1999


1 1 1 1 1 1 1 1 1 1 1 1 1 1 1 1 1 1 1 1 1 1 1 1 1 1 1 1 1 1 1 1 1 1 1 1 1 1 1 1 941230489 Fri Oct 29 15:54:49 1999

1 1 1 1 1 1 2 1 1 1 1 1 1 1 1 1 1 1 1 1 1 1 1 1 1 1 1 1 1 1 1 1 1 1 1 1 1 1 1 1 943723364 Sat Nov 27 12:22:44 1999

1 1 1 1 8 1 2 1 1 1 1 1 1 1 8 2 1 1 1 2 1 1 1 1 8 2 2 1 1 1 1 2 1 1 8 1 1 1 1 1 945291047 Wed Dec 15 15:50:47 1999

5 5 4 4 7 5 5 4 4 5 5 5 4 4 6 5 5 4 4 5 4 5 5 4 7 5 5 4 4 5 4 4 4 4 6 5 5 4 4 5 945646051 Sun Dec 19 18:27:31 1999

3 9 3 3 3 9 8 1 3 9 9 9 9 9 9 9 9 9 9 9 9 9 9 9 9 9 9 9 9 9 9 9 9 9 9 9 9 9 9 9 946331491 Mon Dec 27 16:51:31 1999

9 7 3 6 6 1 4 1 7 3 2 5 7 7 5 4 4 1 1 2 7 3 1 1 2 5 6 5 9 1 6 7 3 7 4 3 3 2 3 7 947081357 Wed Jan  5  9:09:17 2000

3 6 3 2 8 8 2 4 1 1 3 5 5 3 8 6 3 5 2 1 2 5 3 3 8 7 4 5 4 2 3 5 3 3 9 8 3 5 2 1 947177881 Thu Jan  6 11:58:01 2000

7 7 3 2 7 5 4 5 4 1 4 4 2 3 6 3 2 3 2 1 6 6 3 3 6 4 3 3 3 2 6 6 2 3 6 3 2 5 3 3 947213253 Thu Jan  6 21:47:33 2000

8 6 2 1 7 3 3 3 1 3 5 8 4 2 9 4 2 2 1 2 5 7 3 2 7 3 2 3 2 2 7 7 3 2 7 3 3 5 2 2 947625945 Tue Jan 11 16:25:45 2000

2 2 2 2 6 2 5 3 3 1 2 5 2 5 6 3 3 2 3 2 3 3 2 2 4 3 3 2 2 1 4 3 2 2 4 2 4 2 3 1 947638570 Tue Jan 11 19:56:10 2000

1 1 1 1 6 3 4 1 1 1 1 1 1 1 3 2 4 2 1 1 1 2 1 1 5 3 5 2 1 1 1 3 2 1 5 3 4 3 1 3 947685527 Wed Jan 12  8:58:47 2000

2 4 3 1 8 5 6 4 4 2 4 5 5 2 8 3 4 3 3 1 6 6 4 3 8 4 5 4 4 2 7 5 3 4 8 6 5 4 4 2 947696889 Wed Jan 12 12:08:09 2000

7 7 3 2 7 3 7 2 7 2 7 8 1 2 8 2 2 1 2 4 6 8 2 2 8 3 5 1 2 4 5 8 2 3 9 3 6 3 2 3 947723750 Wed Jan 12 19:35:50 2000

1 4 3 1 8 1 6 2 4 1 2 3 2 2 8 2 7 2 3 1 3 3 2 1 8 2 7 2 2 1 3 2 2 2 8 2 7 2 2 1 947741747 Thu Jan 13  0:35:47 2000

1 4 3 1 8 1 6 2 4 1 2 3 2 2 8 2 7 2 3 1 3 3 2 1 8 2 7 2 2 1 3 2 2 2 8 2 7 2 2 1 947741976 Thu Jan 13  0:39:36 2000

5 6 3 2 8 6 7 6 2 1 6 4 3 5 8 7 5 3 4 2 6 4 3 2 7 6 5 6 4 4 3 4 4 3 8 5 5 7 5 2 947747059 Thu Jan 13  2:04:19 2000

2 3 1 2 2 2 2 1 2 2 2 2 2 1 2 1 1 2 4 3 2 2 2 1 2 1 2 2 3 2 2 1 1 2 2 2 3 1 2 2 947758937 Thu Jan 13  5:22:17 2000

4 4 2 1 7 2 5 3 2 3 2 4 2 2 6 5 4 2 1 1 5 3 2 1 4 2 7 3 2 2 3 4 2 1 3 4 6 1 1 3 947773715 Thu Jan 13  9:28:35 2000

4 6 5 3 8 2 3 4 3 4 6 8 4 3 8 3 3 3 3 3 6 7 4 3 8 3 3 4 2 4 6 7 3 3 8 3 3 2 3 3 947785359 Thu Jan 13 12:42:39 2000

6 5 4 3 8 5 5 4 5 2 6 5 5 3 8 4 7 3 2 2 6 7 3 2 8 5 7 6 3 1 7 5 3 3 8 6 6 3 2 1 947785382 Thu Jan 13 12:43:02 2000

2 3 4 2 8 5 5 3 3 2 2 2 4 2 7 4 4 3 2 3 2 2 3 2 7 3 4 2 2 3 2 2 3 2 5 4 4 3 3 2 947787895 Thu Jan 13 13:24:55 2000

6 8 2 3 8 3 3 4 4 1 8 9 3 3 8 3 5 3 2 3 7 7 3 2 8 3 6 3 3 1 8 7 3 2 9 3 5 2 2 1 947788517 Thu Jan 13 13:35:17 2000

6 7 1 4 8 6 6 3 3 1 6 6 2 2 8 7 5 3 2 1 6 7 5 3 8 7 5 4 2 2 6 6 3 2 8 7 6 2 1 2 947794421 Thu Jan 13 15:13:41 2000

8 8 6 7 8 4 5 3 5 2 7 8 5 3 9 2 4 4 6 3 6 8 4 3 7 4 6 5 5 3 5 7 3 3 7 3 5 6 2 1 947798279 Thu Jan 13 16:17:59 2000

5 6 2 1 8 4 3 1 4 3 3 4 2 2 8 2 5 3 2 1 5 5 3 1 8 3 4 2 2 1 5 3 2 1 8 4 4 3 2 1 947798487 Thu Jan 13 16:21:27 2000

7 4 5 3 1 9 2 2 9 5 5 4 9 9 9 5 3 7 1 2 9 9 9 9 9 9 9 9 9 9 9 9 7 9 9 9 9 9 9 9 947799462 Thu Jan 13 16:37:42 2000

4 8 3 1 5 2 2 6 3 1 7 8 2 2 8 3 4 3 3 1 5 7 3 1 8 4 3 4 3 1 6 9 3 1 8 3 3 3 3 1 947878299 Fri Jan 14 14:31:39 2000

2 1 1 2 7 2 3 2 1 1 2 2 1 3 7 2 3 1 1 1 2 2 1 2 7 3 3 2 1 1 1 1 2 2 7 3 3 1 1 2 947953707 Sat Jan 15 11:28:27 2000

8 7 3 2 9 2 6 1 5 4 9 7 2 5 9 3 4 3 5 3 5 7 3 2 9 3 3 3 7 3 3 7 5 3 9 3 5 3 4 5 947971162 Sat Jan 15 16:19:22 2000

3 7 3 1 9 7 6 5 2 1 5 5 4 2 8 6 5 6 3 2 4 5 4 3 9 3 7 3 2 1 7 7 4 3 9 6 7 5 3 4 947981360 Sat Jan 15 19:09:20 2000

5 4 2 2 6 4 4 3 3 3 4 4 2 4 6 4 4 3 3 2 7 6 3 3 5 5 6 3 3 3 6 4 2 4 7 4 4 3 3 4 948122275 Mon Jan 17 10:17:55 2000

1 1 1 1 1 1 1 1 1 1 1 1 1 1 1 1 1 1 1 1 1 1 1 1 1 1 1 1 1 1 1 1 1 1 1 1 1 1 1 1 948127690 Mon Jan 17 11:48:10 2000

3 3 2 3 4 2 5 3 1 3 4 2 2 1 4 1 5 4 3 2 2 2 3 2 4 1 5 2 1 2 2 2 1 1 4 2 5 2 1 1 948153826 Mon Jan 17 19:03:46 2000

6 4 2 2 7 5 2 3 4 1 6 4 2 2 6 3 3 3 2 1 5 2 2 2 7 3 3 1 2 3 4 4 2 2 7 3 2 1 1 3 948161716 Mon Jan 17 21:15:16 2000

9 9 9 9 9 9 9 9 9 9 9 9 9 9 9 9 9 9 9 9 9 9 9 9 9 9 9 9 9 9 9 9 9 9 9 9 9 9 9 9 948167488 Mon Jan 17 22:51:28 2000

6 3 5 4 8 9 7 2 5 4 7 3 2 5 8 8 7 3 3 5 2 4 4 5 8 7 5 3 2 4 5 5 3 6 8 8 5 3 4 4 948200432 Tue Jan 18  8:00:32 2000

6 7 3 4 5 3 7 4 2 4 6 7 3 4 4 4 6 4 5 4 8 8 5 4 7 4 6 4 5 6 8 8 4 2 7 5 7 3 5 6 948204512 Tue Jan 18  9:08:32 2000

7 1 3 8 4 6 2 1 5 9 7 4 3 2 5 7 5 6 3 2 2 6 5 3 6 8 2 4 4 3 5 6 3 3 6 8 3 4 2 1 948291608 Wed Jan 19  9:20:08 2000

1 1 1 1 4 2 4 1 2 1 2 1 2 1 4 3 3 1 2 1 1 1 1 1 4 2 1 1 1 1 1 1 1 1 4 2 1 1 1 1 948593741 Sat Jan 22 21:15:41 2000

1 1 1 1 4 2 1 1 1 1 1 1 1 1 4 2 2 1 1 1 1 1 1 1 4 2 2 1 1 2 1 1 1 1 4 2 2 1 2 1 948594431 Sat Jan 22 21:27:11 2000

6 5 3 3 7 2 4 2 2 3 6 6 3 4 8 3 4 2 3 2 4 6 2 2 8 3 4 2 2 3 6 5 3 4 8 4 4 3 3 2 948946702 Wed Jan 26 23:18:22 2000

3 5 1 1 6 2 2 2 2 1 2 5 5 2 6 2 3 2 2 3 2 6 5 2 6 6 4 4 2 1 2 6 2 3 6 3 2 3 2 1 949061578 Fri Jan 28  7:12:58 2000

5 6 1 2 7 2 2 2 3 2 3 3 3 3 3 3 3 3 3 3 1 1 1 1 1 1 1 1 1 1 1 1 1 1 1 1 1 1 1 1 949979238 Mon Feb  7 22:07:18 2000

7 5 2 2 5 5 4 1 2 2 4 5 3 2 4 3 6 2 3 1 5 3 3 2 5 3 6 3 4 2 3 3 3 2 4 3 4 2 2 1 950031790 Tue Feb  8 12:43:10 2000

5 5 2 1 8 7 2 3 3 3 7 6 3 2 8 7 2 4 2 3 5 6 3 2 8 6 2 3 2 2 5 6 5 2 8 3 2 5 2 2 950047390 Tue Feb  8 17:03:10 2000

6 3 5 5 4 5 4 1 3 5 5 2 4 3 3 5 6 3 1 2 6 1 3 2 2 5 6 3 1 3 5 1 4 4 2 4 3 1 1 5 950047436 Tue Feb  8 17:03:56 2000

7 4 2 3 8 4 2 1 3 3 6 5 3 3 8 5 5 3 3 4 5 5 4 4 8 4 6 3 3 5 4 5 3 4 8 5 3 2 3 3 950127283 Wed Feb  9 15:14:43 2000

1 1 1 1 3 1 2 1 1 1 1 1 1 1 2 1 2 1 1 1 1 1 1 1 2 1 2 1 1 1 1 1 1 1 2 1 1 1 1 1 950138414 Wed Feb  9 18:20:14 2000

3 4 2 1 9 7 4 7 3 1 3 7 4 2 7 5 2 5 3 2 3 4 5 2 7 3 1 4 1 2 3 4 3 2 7 3 2 3 2 1 950141969 Wed Feb  9 19:19:29 2000

3 4 3 1 7 3 5 2 2 2 4 5 2 3 8 4 2 5 3 3 3 6 3 3 8 6 5 3 1 2 3 4 3 2 8 7 4 4 3 3 950164785 Thu Feb 10  1:39:45 2000

4 6 3 5 4 3 5 2 2 1 1 5 3 6 5 2 1 2 1 3 4 8 2 3 5 2 8 1 6 1 4 9 1 2 4 3 6 1 3 1 950202359 Thu Feb 10 12:05:59 2000

3 2 2 5 2 6 7 1 1 8 2 2 3 2 2 5 9 1 2 6 4 2 3 2 1 5 9 2 2 2 2 1 2 2 2 6 9 2 1 9 950322887 Fri Feb 11 21:34:47 2000

1 1 1 1 1 1 1 1 1 1 1 1 1 1 1 1 1 1 1 1 1 1 1 1 1 1 1 1 1 1 1 1 1 1 1 1 1 1 1 1 950817464 Thu Feb 17 14:57:44 2000

2 2 8 6 1 5 5 2 8 8 2 1 2 5 1 4 3 3 6 8 4 6 3 6 4 4 3 6 4 7 5 8 2 5 6 4 5 4 3 7 951356846 Wed Feb 23 20:47:26 2000

1 1 1 1 1 1 1 1 1 1 4 4 1 1 1 4 1 4 1 3 3 3 2 3 3 3 3 3 3 2 4 5 1 5 3 4 4 5 5 5 951418485 Thu Feb 24 13:54:45 2000

9 9 9 9 8 6 7 9 6 9 8 8 8 7 7 8 8 7 8 8 7 7 7 7 7 7 7 7 7 7 7 8 9 8 8 8 7 7 8 8 952771185 Sat Mar 11  5:39:45 2000

4 3 1 2 3 4 3 1 1 1 4 4 1 1 4 3 5 1 1 2 3 3 1 1 5 4 4 1 1 2 4 4 1 1 3 2 2 1 1 1 957111499 Sun Apr 30 11:18:19 2000

8 8 8 7 7 6 5 7 7 6 5 6 6 5 6 5 6 7 6 7 5 5 7 6 4 6 5 6 6 6 5 7 6 6 5 6 3 6 5 4 957712512 Sun May  7 10:15:12 2000

2 2 1 1 2 1 1 1 1 1 1 1 1 1 3 1 1 1 1 1 1 2 1 1 2 1 1 1 2 1 2 1 1 1 2 1 2 2 1 1 962555275 Sun Jul  2 11:27:55 2000

5 3 5 2 7 4 4 4 3 3 3 3 2 3 7 5 5 2 3 3 4 5 3 2 7 6 3 2 1 3 4 2 3 4 6 2 3 2 2 5 971299206 Wed Oct 11 16:20:06 2000

2 1 2 2 3 2 3 3 3 3 3 3 3 3 3 3 3 3 3 3 3 3 3 3 3 3 3 3 3 3 3 2 3 2 3 3 3 3 3 2 971789629 Tue Oct 17  8:33:49 2000

2 4 3 2 8 3 6 3 2 2 2 2 2 2 8 3 6 3 4 5 2 4 2 2 8 4 5 3 2 5 2 4 2 2 8 3 5 2 2 4 972428615 Tue Oct 24 18:03:35 2000

5 8 4 2 9 3 7 3 2 1 6 7 3 2 6 2 5 5 6 3 6 7 3 2 7 6 3 6 2 1 5 8 2 2 7 5 5 4 2 1 972575369 Thu Oct 26 10:49:29 2000

4 5 4 2 6 4 3 1 2 2 5 5 3 2 6 4 2 4 2 1 4 5 4 2 6 4 2 3 2 2 5 4 2 2 5 3 2 2 2 2 972593929 Thu Oct 26 15:58:49 2000

6 4 3 4 7 4 5 4 3 3 5 5 4 4 6 3 3 5 3 3 5 5 4 3 7 5 4 4 3 3 3 5 3 3 6 4 5 4 2 3 972667762 Fri Oct 27 12:29:22 2000

8 8 3 1 8 7 5 3 4 4 7 8 4 4 8 5 3 3 1 5 7 8 4 4 8 5 5 3 5 5 7 6 3 3 8 3 3 4 2 1 972675800 Fri Oct 27 14:43:20 2000

2 6 3 1 8 5 7 3 3 1 3 7 2 1 9 3 4 3 5 1 7 7 3 1 9 4 7 5 3 1 4 7 2 1 8 2 4 2 6 1 972677756 Fri Oct 27 15:15:56 2000

6 3 4 3 9 5 7 3 1 1 6 7 3 2 8 5 6 1 2 2 6 4 2 3 8 5 7 2 1 1 7 5 2 1 8 4 8 2 1 2 972755965 Sat Oct 28 12:59:25 2000

3 2 2 3 5 3 6 5 4 1 3 3 4 2 4 4 5 4 4 1 3 3 1 2 4 4 4 5 3 1 5 3 3 3 6 4 5 3 4 2 972779137 Sat Oct 28 19:25:37 2000

8 5 1 4 7 7 3 2 1 1 7 6 2 2 8 2 1 1 2 3 7 6 2 2 8 6 6 2 1 2 8 8 2 4 9 6 6 2 2 5 972856499 Sun Oct 29 16:54:59 2000

4 5 6 1 9 8 5 7 4 3 3 4 3 4 9 8 6 7 5 5 2 5 4 3 9 8 5 7 3 5 4 5 4 4 9 8 5 7 4 5 972869816 Sun Oct 29 20:36:56 2000

2 5 4 2 8 7 7 2 3 1 1 6 1 2 8 7 4 1 2 6 3 5 2 1 8 6 5 1 2 1 3 6 3 2 9 6 5 1 4 5 972881714 Sun Oct 29 23:55:14 2000

3 3 1 2 4 4 1 1 3 4 4 4 3 3 6 4 2 3 4 4 4 4 3 2 6 4 4 3 3 1 5 4 4 1 7 4 2 2 2 3 972924807 Mon Oct 30 11:53:27 2000

2 4 3 2 6 5 5 3 2 1 7 3 5 3 7 3 3 2 3 2 2 3 2 2 6 2 2 8 3 3 2 2 3 4 8 2 3 3 3 2 972929069 Mon Oct 30 13:04:29 2000

2 1 2 1 6 1 3 2 3 2 1 4 4 3 7 2 5 1 1 2 3 6 4 2 7 3 3 2 1 1 2 2 2 2 7 2 3 1 3 4 972932932 Mon Oct 30 14:08:52 2000

1 2 5 1 7 2 6 1 2 1 6 3 8 2 6 2 7 2 3 1 6 4 7 2 8 3 5 2 1 3 7 6 3 1 8 1 3 1 1 4 972939794 Mon Oct 30 16:03:14 2000

6 2 3 1 7 4 5 1 3 1 8 7 5 4 8 5 7 3 1 1 8 6 3 4 8 6 7 2 6 2 8 8 5 2 8 7 7 2 3 1 972940383 Mon Oct 30 16:13:03 2000

6 1 1 1 6 1 5 1 1 1 5 2 1 1 6 3 6 1 1 1 5 5 1 1 5 4 6 2 1 1 5 2 1 1 5 4 5 1 1 1 972941380 Mon Oct 30 16:29:40 2000

8 3 2 2 9 2 4 3 2 1 8 5 2 1 9 8 4 5 4 2 8 6 2 3 9 5 6 5 2 1 8 2 1 2 9 8 6 5 1 1 972951866 Mon Oct 30 19:24:26 2000

5 8 2 2 8 1 7 4 3 5 6 5 3 3 8 2 4 2 6 1 3 8 1 2 9 2 1 4 7 4 6 7 2 3 7 3 4 2 1 2 972955611 Mon Oct 30 20:26:51 2000

4 6 2 3 6 2 4 1 3 2 4 6 2 4 7 2 4 3 6 3 4 5 2 4 7 3 4 3 5 3 4 6 2 4 7 4 5 2 3 2 972957365 Mon Oct 30 20:56:05 2000

4 5 2 1 4 2 2 2 3 4 5 5 2 2 7 2 5 2 3 3 7 7 2 3 6 2 3 2 2 6 5 5 1 2 7 2 2 1 2 5 972965398 Mon Oct 30 23:09:58 2000

1 6 2 1 8 5 6 5 3 2 6 5 4 6 7 8 9 4 1 1 4 7 4 2 8 6 7 4 4 5 4 8 3 2 7 3 7 4 7 3 973004327 Tue Oct 31  9:58:47 2000

7 6 2 3 8 2 6 3 6 4 5 3 1 3 8 2 7 1 2 1 6 3 2 5 8 2 5 2 3 2 6 2 2 3 8 2 4 2 3 2 973005997 Tue Oct 31 10:26:37 2000

4 7 2 4 9 6 5 1 5 1 5 8 3 1 8 5 2 2 1 1 3 5 1 2 8 4 4 3 1 1 6 6 3 1 8 3 1 1 1 2 973006084 Tue Oct 31 10:28:04 2000

6 8 5 2 8 5 7 6 3 2 9 8 5 4 7 4 2 4 3 2 7 8 5 4 8 5 3 5 3 3 8 8 4 3 7 5 3 5 2 1 973008434 Tue Oct 31 11:07:14 2000

3 2 2 1 8 6 7 2 6 1 4 5 3 2 8 3 7 3 5 2 3 4 3 2 8 3 7 2 3 3 3 3 2 2 8 6 7 4 4 2 973014070 Tue Oct 31 12:41:10 2000

4 4 7 5 9 6 6 3 4 5 5 4 2 5 6 2 2 3 2 3 2 6 4 3 8 5 4 3 3 3 5 4 6 4 9 7 5 3 3 1 973014120 Tue Oct 31 12:42:00 2000

3 6 3 2 9 4 5 2 1 1 5 6 7 4 9 1 7 4 2 1 5 6 9 5 9 8 6 1 6 8 7 4 7 4 9 4 8 4 2 2 973014569 Tue Oct 31 12:49:29 2000

8 8 3 3 7 5 4 2 2 1 6 7 4 2 9 3 8 3 4 2 8 8 3 2 9 6 7 5 4 1 8 8 4 2 9 5 6 4 3 1 973022646 Tue Oct 31 15:04:06 2000

6 3 1 1 9 2 8 2 2 3 6 2 2 2 8 1 4 1 1 2 7 8 2 2 8 1 4 1 1 4 7 7 2 6 8 1 9 1 4 5 973025267 Tue Oct 31 15:47:47 2000

5 6 4 1 7 5 6 3 2 2 5 4 2 3 7 3 4 3 2 2 6 5 3 2 8 4 6 3 2 3 3 6 3 2 8 4 5 4 2 4 973025594 Tue Oct 31 15:53:14 2000

9 7 4 1 8 6 1 5 3 4 9 8 5 1 8 6 2 3 2 4 9 7 6 1 8 5 2 6 3 3 9 8 6 1 8 6 1 6 3 4 973030952 Tue Oct 31 17:22:32 2000

3 4 1 1 8 2 4 3 1 3 3 4 3 1 8 4 5 3 2 4 3 5 2 3 8 4 2 3 1 3 4 3 2 2 8 5 3 2 3 1 973033909 Tue Oct 31 18:11:49 2000

5 6 3 2 7 6 5 3 2 4 5 6 2 3 5 4 3 2 2 5 6 6 3 3 6 5 4 4 3 4 6 6 3 3 5 6 3 3 4 4 973040350 Tue Oct 31 19:59:10 2000

3 2 4 3 8 4 5 4 4 2 4 4 3 5 8 3 4 2 3 3 7 6 4 4 8 3 4 2 4 5 7 7 3 4 8 5 6 3 4 2 973042678 Tue Oct 31 20:37:58 2000

2 3 3 1 8 4 7 5 2 1 5 2 2 3 9 6 4 4 2 1 5 6 2 2 9 5 3 1 1 2 5 5 1 2 9 3 3 4 4 1 973044379 Tue Oct 31 21:06:19 2000

2 3 3 1 8 4 7 5 2 1 5 2 2 3 9 6 4 4 2 1 5 6 2 2 9 5 3 1 1 2 5 5 1 2 9 3 3 4 4 1 973044463 Tue Oct 31 21:07:43 2000

7 8 3 5 7 4 5 3 4 2 8 7 3 4 6 4 5 2 3 2 8 8 3 4 7 4 6 4 3 3 8 6 3 5 7 2 3 3 3 2 973086443 Wed Nov  1  8:47:23 2000

5 6 2 2 8 1 2 1 2 3 7 8 2 1 7 3 3 1 2 2 3 7 2 1 8 3 1 1 1 1 6 5 1 1 7 3 1 1 1 1 973088771 Wed Nov  1  9:26:11 2000

7 3 6 5 8 8 4 3 5 3 6 6 5 6 9 7 6 3 4 1 7 5 3 4 8 5 4 3 3 1 6 6 3 2 8 4 4 2 2 3 973099688 Wed Nov  1 12:28:08 2000

3 5 8 2 9 6 4 5 5 2 3 5 5 5 9 5 4 5 3 2 3 6 6 4 9 7 3 4 4 3 3 5 5 3 9 6 3 4 4 2 973102400 Wed Nov  1 13:13:20 2000

4 5 3 2 8 2 6 2 1 1 4 5 4 1 9 5 6 2 1 1 7 5 3 2 9 4 4 2 6 2 5 5 4 6 9 6 8 4 1 2 973105405 Wed Nov  1 14:03:25 2000

2 4 3 3 6 7 5 6 2 3 3 3 3 4 5 4 4 3 2 2 2 4 3 3 5 6 3 5 3 3 3 4 4 2 5 6 3 4 3 3 973112520 Wed Nov  1 16:02:00 2000

5 5 4 3 8 6 6 6 3 2 6 5 3 3 8 5 3 3 4 2 5 4 4 2 9 4 5 4 5 3 6 7 3 3 9 4 4 3 4 1 973115512 Wed Nov  1 16:51:52 2000

4 6 2 4 8 3 5 4 3 3 3 7 2 6 8 3 5 3 6 3 6 7 5 4 8 4 4 5 7 6 6 6 4 2 7 3 6 3 3 3 973116032 Wed Nov  1 17:00:32 2000

1 2 1 1 8 2 2 1 1 1 2 1 1 1 9 2 2 1 1 1 1 1 1 1 9 2 3 1 1 2 1 2 1 1 9 3 2 1 1 1 973123645 Wed Nov  1 19:07:25 2000

4 7 5 2 8 5 6 3 2 3 6 7 2 2 8 5 3 4 2 3 4 7 4 2 8 4 6 2 2 3 3 6 4 2 8 5 4 2 4 1 973123953 Wed Nov  1 19:12:33 2000

3 6 4 3 8 4 7 6 5 4 4 5 3 3 7 4 3 3 4 3 3 3 3 3 7 2 4 3 3 3 3 6 3 2 5 3 4 3 3 2 973124720 Wed Nov  1 19:25:20 2000

8 6 4 5 9 3 7 2 5 2 7 5 3 4 9 2 6 1 4 1 8 6 4 5 9 3 7 2 5 2 9 7 4 5 9 4 7 2 5 2 973126719 Wed Nov  1 19:58:39 2000

5 6 5 2 8 6 4 2 5 2 5 6 4 2 8 7 5 5 5 4 5 7 4 2 8 6 3 5 4 2 4 6 4 4 8 5 3 5 3 2 973131748 Wed Nov  1 21:22:28 2000

5 4 2 2 7 3 5 2 1 3 3 3 2 1 6 4 7 2 2 1 2 3 2 2 6 4 6 1 1 4 2 4 1 3 6 3 6 2 2 1 973133059 Wed Nov  1 21:44:19 2000

5 8 4 1 8 3 3 3 3 1 7 8 2 1 8 3 4 3 3 1 8 9 3 2 7 4 6 3 4 1 7 8 2 1 8 3 4 3 1 1 973136094 Wed Nov  1 22:34:54 2000

5 8 4 1 8 3 3 3 3 1 7 8 2 1 8 3 4 3 3 1 8 9 3 2 7 4 6 3 4 1 7 8 2 1 8 3 4 3 1 1 973136150 Wed Nov  1 22:35:50 2000

2 2 2 2 9 7 7 3 3 1 2 5 5 2 8 6 6 3 3 2 3 5 4 1 9 4 4 3 2 2 3 4 2 1 8 3 3 2 3 1 973137603 Wed Nov  1 23:00:03 2000

5 8 4 1 8 3 3 3 3 1 7 8 2 1 8 3 4 3 3 1 8 9 3 2 7 4 6 3 4 1 7 8 2 1 8 3 4 3 1 1 973142115 Thu Nov  2  0:15:15 2000

4 2 7 3 9 5 8 6 5 1 5 7 4 4 9 4 3 4 2 2 5 6 5 3 8 5 5 4 3 4 6 7 1 4 9 4 5 2 4 1 973144168 Thu Nov  2  0:49:28 2000

3 5 3 2 8 3 6 2 3 3 5 3 3 5 8 2 7 1 3 2 5 4 2 5 8 2 6 1 4 3 4 4 2 4 7 3 5 2 4 2 973146891 Thu Nov  2  1:34:51 2000

2 6 2 1 7 2 3 2 1 3 3 4 2 1 7 2 1 2 1 2 5 5 2 1 8 2 1 2 1 3 6 4 2 1 7 2 1 2 2 1 973163269 Thu Nov  2  6:07:49 2000

6 8 5 2 7 5 6 4 3 2 8 6 4 2 7 3 6 3 2 1 7 7 4 5 7 3 5 2 4 2 7 6 4 5 7 4 6 3 4 2 973186999 Thu Nov  2 12:43:19 2000

2 2 2 1 8 7 6 3 2 2 2 2 2 3 8 7 3 4 3 3 2 2 2 2 8 7 3 3 3 3 2 2 2 2 9 6 4 3 2 2 973570717 Mon Nov  6 23:18:37 2000

3 6 4 4 6 6 2 2 4 4 4 4 6 5 6 5 5 5 3 4 4 3 5 3 3 4 7 4 8 2 8 8 8 8 8 8 8 8 8 8 973820253 Thu Nov  9 20:37:33 2000

3 3 4 2 7 3 3 2 4 1 6 5 2 1 6 3 5 2 3 1 4 4 2 3 7 3 4 2 2 1 5 3 2 5 7 3 5 2 3 1 975665782 Fri Dec  1  5:16:22 2000

1 2 1 1 6 3 1 1 4 1 1 1 1 2 3 2 1 3 1 2 1 1 1 1 4 2 2 2 1 2 1 1 1 1 3 2 1 1 1 1 981882788 Sun Feb 11  4:13:08 2001

8 8 6 7 7 4 2 3 3 4 1 5 1 8 7 2 5 1 2 3 1 1 4 2 6 4 1 2 2 2 2 3 2 2 6 6 7 7 1 2 985363334 Fri Mar 23 11:02:14 2001

1 1 1 1 4 4 1 1 1 1 1 2 3 1 1 3 2 1 1 5 1 4 1 1 5 3 1 2 1 1 2 2 1 1 3 2 1 2 2 1 1002492779 Sun Oct  7 17:12:59 2001

4 7 2 1 8 1 3 1 2 5 4 4 2 3 8 2 5 2 4 8 5 3 2 3 8 2 5 2 2 5 8 4 2 3 8 2 8 2 5 3 1003264818 Tue Oct 16 15:40:18 2001

6 6 3 7 1 4 2 5 6 6 4 5 5 4 1 3 2 8 5 7 5 4 6 3 2 3 7 6 4 3 4 3 6 4 2 4 5 7 5 6 1003363790 Wed Oct 17 19:09:50 2001

7 8 1 4 5 3 3 2 1 3 7 8 1 3 9 4 6 3 2 6 7 9 4 1 8 4 6 3 3 5 8 9 3 2 7 6 1 4 3 5 1003374942 Wed Oct 17 22:15:42 2001

1 2 3 2 5 1 5 2 4 1 2 2 2 2 5 1 5 1 3 1 1 2 2 2 6 1 3 1 2 1 1 1 1 1 5 1 5 1 1 1 1003508052 Fri Oct 19 11:14:12 2001

4 3 2 3 8 6 7 2 2 3 3 3 2 3 7 2 6 3 3 2 3 3 2 2 7 2 3 2 4 2 3 2 2 2 7 2 3 2 2 2 1003535365 Fri Oct 19 18:49:25 2001

9 8 5 3 8 4 3 4 4 5 9 8 5 5 8 3 4 5 4 5 9 7 4 5 8 4 5 5 4 4 3 8 5 5 8 5 4 5 4 5 1003708111 Sun Oct 21 18:48:31 2001

8 6 5 2 6 3 7 3 2 1 4 4 4 6 8 3 5 3 3 3 6 7 3 4 7 6 7 5 4 4 6 8 3 4 7 4 4 3 4 3 1003712624 Sun Oct 21 20:03:44 2001

2 4 2 2 7 2 5 4 3 3 4 6 2 1 3 6 5 3 4 5 3 2 4 4 5 4 2 4 4 3 2 3 1 3 4 3 4 4 1 3 1003768309 Mon Oct 22 11:31:49 2001

2 1 2 1 7 2 4 3 1 2 2 2 2 3 5 2 2 1 1 2 2 1 2 3 5 2 4 2 3 3 3 2 2 2 4 3 4 2 2 4 1003771424 Mon Oct 22 12:23:44 2001

1 1 2 1 8 3 4 1 1 1 1 1 1 2 9 3 7 5 1 2 1 3 1 4 9 4 3 3 1 1 1 1 1 1 9 4 6 1 2 1 1003777897 Mon Oct 22 14:11:37 2001

3 2 3 2 2 2 6 4 4 6 1 1 3 3 1 3 2 2 2 5 1 1 3 3 1 3 4 3 3 6 1 1 3 3 1 3 2 3 2 6 1003779430 Mon Oct 22 14:37:10 2001

3 3 1 1 6 5 5 5 1 1 3 4 3 1 5 3 1 5 1 2 4 3 3 2 4 4 3 4 2 1 5 5 3 4 5 5 7 5 4 3 1003782049 Mon Oct 22 15:20:49 2001

9 7 4 5 8 4 5 3 3 6 6 7 4 5 9 8 4 3 4 2 8 8 3 5 7 4 6 2 7 4 5 7 4 5 8 4 2 1 3 6 1003783062 Mon Oct 22 15:37:42 2001

5 5 7 8 6 6 8 9 8 8 3 3 4 5 3 5 5 7 8 9 2 4 5 5 4 3 3 3 5 8 2 4 5 3 3 4 4 4 4 8 1003784813 Mon Oct 22 16:06:53 2001

5 7 3 2 9 6 6 4 2 4 5 5 4 1 9 4 3 4 2 6 7 7 3 1 9 6 3 4 4 2 7 8 1 3 9 2 5 4 4 6 1003784901 Mon Oct 22 16:08:21 2001

5 7 3 2 9 6 6 4 2 4 5 5 4 1 9 4 3 4 2 6 7 7 3 1 9 6 3 4 4 2 7 8 1 3 9 2 5 4 4 6 1003784902 Mon Oct 22 16:08:22 2001

1 8 2 1 8 2 3 1 1 3 4 7 1 2 8 6 3 2 3 1 2 7 2 1 8 5 1 2 1 1 1 6 2 1 8 3 3 2 3 2 1003785084 Mon Oct 22 16:11:24 2001

3 1 2 3 7 4 8 5 1 2 3 1 2 2 3 2 5 3 2 2 7 1 2 1 7 2 7 2 2 2 5 1 2 2 7 3 7 2 2 4 1003790668 Mon Oct 22 17:44:28 2001

1 3 1 1 4 3 6 1 1 2 2 1 1 2 4 1 8 1 1 4 3 3 1 1 4 1 7 1 1 2 3 2 1 1 3 1 2 1 1 4 1003798787 Mon Oct 22 19:59:47 2001

8 9 2 2 8 5 4 3 5 5 7 7 4 7 7 3 6 6 4 3 3 7 4 3 6 3 3 3 7 4 6 3 3 4 6 6 4 7 4 7 1003798995 Mon Oct 22 20:03:15 2001

6 1 5 3 7 3 9 1 6 5 4 3 6 8 2 7 3 3 5 7 9 8 3 7 3 7 4 2 4 5 6 6 1 1 7 3 8 4 3 8 1003802187 Mon Oct 22 20:56:27 2001

3 5 2 2 6 4 5 4 2 2 6 5 3 4 6 2 4 5 4 3 4 5 3 4 7 4 4 4 4 1 6 4 4 2 6 4 5 2 3 1 1003802447 Mon Oct 22 21:00:47 2001

8 5 6 6 6 7 7 2 4 6 7 6 5 4 6 6 7 4 2 3 6 4 5 4 7 6 7 4 4 6 4 5 4 4 7 4 7 4 3 3 1003802723 Mon Oct 22 21:05:23 2001

6 4 1 4 9 3 7 1 5 2 8 4 3 2 9 1 3 2 3 3 5 4 2 1 9 3 3 2 2 3 5 4 3 1 9 2 3 1 1 1 1003803344 Mon Oct 22 21:15:44 2001

4 7 2 3 9 5 8 1 6 1 6 7 3 3 9 1 8 1 4 1 5 6 4 2 9 2 8 3 6 3 2 6 2 2 9 3 7 3 1 3 1003803779 Mon Oct 22 21:22:59 2001

1 6 5 6 7 2 8 4 6 4 8 5 1 4 8 2 9 3 7 3 8 7 1 8 9 3 9 1 3 2 9 7 1 7 9 2 8 1 4 2 1003808380 Mon Oct 22 22:39:40 2001

1 4 3 1 8 2 1 2 5 2 5 4 2 3 7 2 2 1 2 3 2 5 6 2 7 2 1 2 3 2 2 8 3 1 8 3 2 1 1 2 1003809952 Mon Oct 22 23:05:52 2001

6 6 2 3 7 3 3 4 4 2 7 6 3 3 7 3 6 4 6 3 6 5 3 3 7 3 5 3 4 3 5 4 2 2 7 3 4 2 3 1 1003810993 Mon Oct 22 23:23:13 2001

8 6 8 9 6 6 7 8 6 8 7 6 4 6 3 4 3 5 6 6 4 5 7 8 4 4 4 6 6 6 3 5 5 6 4 3 2 4 5 7 1003814660 Tue Oct 23  0:24:20 2001

2 7 1 5 9 2 6 2 3 5 4 6 2 2 8 1 4 2 2 2 2 4 2 2 6 2 4 2 2 2 4 3 2 4 6 2 4 2 2 2 1003821378 Tue Oct 23  2:16:18 2001

8 8 3 7 9 1 8 2 8 2 7 7 1 8 9 1 7 1 7 1 7 8 1 8 9 1 7 1 7 1 7 8 1 7 9 1 7 1 7 1 1003836146 Tue Oct 23  6:22:26 2001

9 7 6 5 8 7 6 8 9 4 9 9 8 8 9 5 6 6 7 8 4 5 5 2 8 4 6 3 3 3 5 4 6 4 8 7 6 7 3 6 1003837982 Tue Oct 23  6:53:02 2001

1 1 1 1 1 1 1 1 1 1 1 1 1 1 1 1 1 1 2 1 9 6 4 3 6 4 1 5 8 3 3 3 3 3 3 3 3 3 3 3 1003851746 Tue Oct 23 10:42:26 2001

1 1 1 1 2 2 5 1 3 1 1 1 3 2 6 2 2 1 1 4 2 2 2 1 4 3 5 2 3 3 2 1 2 1 1 1 1 4 1 4 1003853189 Tue Oct 23 11:06:29 2001

2 3 1 1 5 4 2 4 1 2 2 2 1 1 3 2 2 3 1 2 2 2 2 1 3 2 2 2 1 1 2 2 2 1 3 2 2 2 1 1 1003854802 Tue Oct 23 11:33:22 2001

4 5 5 2 7 6 7 3 4 2 4 5 5 2 6 6 7 3 4 2 3 5 5 2 6 5 7 3 4 2 3 5 5 2 6 5 7 3 4 2 1003855829 Tue Oct 23 11:50:29 2001

1 1 1 1 1 1 1 1 1 1 1 1 1 1 2 1 1 1 1 1 1 1 1 1 2 1 2 1 1 1 1 1 1 1 1 1 1 1 2 1 1006377644 Wed Nov 21 16:20:44 2001

2 3 2 1 4 2 3 2 3 1 3 2 1 1 5 2 2 2 2 1 4 3 3 2 7 3 3 2 3 1 3 3 2 1 7 2 2 2 2 1 1011647540 Mon Jan 21 16:12:20 2002

2 2 2 2 4 2 2 1 2 1 2 2 2 2 4 3 2 2 3 1 2 2 2 1 3 1 2 2 3 1 2 1 1 2 2 1 2 1 2 2 1011696109 Tue Jan 22  5:41:49 2002

6 6 3 5 9 4 7 6 3 2 6 7 3 4 9 4 7 5 5 2 7 7 4 5 9 5 4 3 3 3 7 7 4 5 9 3 6 2 4 3 1012341691 Tue Jan 29 17:01:31 2002

4 4 6 2 8 4 2 2 2 3 4 6 4 3 7 5 5 4 2 2 5 5 4 2 7 6 2 4 2 3 5 5 4 2 7 4 5 4 3 4 1012358823 Tue Jan 29 21:47:03 2002

7 3 3 3 8 4 6 3 4 6 5 6 3 2 7 7 5 4 2 6 4 5 2 3 7 6 5 3 3 5 3 5 3 3 7 6 5 2 3 7 1012362377 Tue Jan 29 22:46:17 2002

7 6 4 2 7 3 4 5 3 4 7 6 3 2 8 4 3 4 3 2 7 7 4 2 7 5 3 4 3 4 7 6 5 2 7 4 4 3 4 3 1012406159 Wed Jan 30 10:55:59 2002

3 4 5 2 7 3 3 6 4 1 3 5 2 2 8 5 2 6 3 3 5 4 3 2 8 6 3 4 4 3 4 4 3 2 8 7 3 6 4 3 1012415395 Wed Jan 30 13:29:55 2002

2 8 2 1 5 4 3 2 4 1 3 8 2 3 6 4 3 2 2 1 4 7 3 1 9 4 7 3 2 1 4 3 2 1 4 3 5 2 2 1 1012415775 Wed Jan 30 13:36:15 2002

4 4 2 1 5 1 5 1 3 1 3 4 1 1 4 1 3 1 2 1 3 4 2 3 4 1 2 1 2 1 4 3 1 2 4 1 3 1 2 1 1012422420 Wed Jan 30 15:27:00 2002

5 3 1 2 4 3 3 2 2 1 4 4 2 1 3 3 3 2 2 1 5 4 1 3 3 2 3 2 2 3 4 3 2 2 4 2 3 1 1 1 1012423760 Wed Jan 30 15:49:20 2002

5 5 4 1 7 3 5 4 5 1 4 5 3 2 3 4 6 2 4 2 3 2 2 2 4 1 5 1 3 2 2 3 2 4 7 5 6 6 4 3 1012423935 Wed Jan 30 15:52:15 2002

2 4 3 2 7 3 6 4 3 2 3 4 3 3 7 3 6 2 3 1 3 4 3 2 6 3 2 3 2 2 2 3 3 3 4 3 3 2 2 1 1012426050 Wed Jan 30 16:27:30 2002

5 8 3 3 7 6 5 4 2 1 4 3 3 4 6 5 3 5 6 2 6 6 5 3 7 3 4 4 5 4 6 8 5 2 6 6 7 3 7 1 1016793758 Fri Mar 22  5:42:38 2002

6 7 6 2 7 5 7 5 1 1 5 8 4 2 7 3 2 3 1 2 5 7 4 1 7 5 4 5 1 3 7 7 3 1 7 3 5 4 1 4 1017142033 Tue Mar 26  6:27:13 2002

8 2 3 1 6 2 7 1 2 1 7 4 1 6 9 2 9 1 2 1 7 4 1 3 8 2 9 1 2 1 8 2 1 4 8 2 9 1 3 1 1017848348 Wed Apr  3 10:39:08 2002

8 7 3 3 9 5 7 4 6 2 9 7 7 2 8 5 6 6 7 1 8 8 4 2 9 5 4 3 3 1 9 8 5 4 8 4 7 3 3 1 1017927857 Thu Apr  4  8:44:17 2002

6 7 2 3 8 3 6 2 1 2 3 4 2 3 6 3 4 2 2 1 5 5 2 3 7 4 3 4 2 2 6 4 2 3 5 4 6 2 2 1 1017937192 Thu Apr  4 11:19:52 2002

1 1 1 1 4 1 2 1 1 1 4 4 4 1 6 3 5 2 2 3 1 1 1 1 5 2 4 2 1 2 1 3 1 1 6 2 5 1 3 1 1018024266 Fri Apr  5 11:31:06 2002

3 5 1 1 8 6 5 4 2 2 2 7 3 1 8 6 4 3 2 1 4 6 3 1 8 3 1 2 1 2 4 4 3 1 8 4 1 3 3 3 1018347706 Tue Apr  9  5:21:46 2002

8 6 3 1 7 3 4 2 3 1 7 6 3 5 8 2 1 2 4 1 8 7 4 5 8 3 6 2 3 1 8 7 3 5 8 4 3 2 4 3 1018350569 Tue Apr  9  6:09:29 2002

5 4 7 9 4 8 5 9 4 9 5 5 9 7 2 9 5 9 9 9 6 3 5 8 2 8 8 8 8 9 7 4 8 8 3 7 4 8 8 5 1018444270 Wed Apr 10  8:11:10 2002

8 6 2 3 7 5 2 3 3 1 6 7 2 1 9 7 2 2 2 3 7 7 1 2 8 5 2 3 4 1 7 6 2 3 8 7 5 3 2 3 1018634049 Fri Apr 12 12:54:09 2002

8 6 2 3 7 5 2 3 3 1 6 7 2 1 9 7 2 2 2 3 7 7 1 2 8 5 2 3 4 1 7 6 2 3 8 7 3 3 2 3 1018634162 Fri Apr 12 12:56:02 2002

8 6 2 3 7 5 2 3 3 1 6 7 2 1 9 7 2 2 2 3 7 7 1 2 8 5 2 3 2 1 7 6 2 3 8 7 3 3 2 3 1018634402 Fri Apr 12 13:00:02 2002

5 6 2 1 7 2 2 3 2 3 6 7 2 1 7 3 4 4 3 3 7 7 2 5 8 3 6 2 4 4 4 8 3 3 8 4 8 3 2 4 1018694753 Sat Apr 13  5:45:53 2002

4 3 3 7 2 4 5 2 7 8 7 5 1 1 2 6 7 3 3 2 8 4 3 2 8 6 8 1 1 2 7 2 2 2 7 6 8 1 1 3 1018697825 Sat Apr 13  6:37:05 2002

6 6 2 3 6 4 7 3 4 3 5 4 4 5 7 3 7 3 4 2 5 7 4 3 8 4 6 3 4 6 4 4 4 3 6 3 4 4 2 2 1018704304 Sat Apr 13  8:25:04 2002

5 2 4 5 8 7 9 3 6 1 5 2 4 5 8 7 9 3 6 1 5 2 4 5 8 7 9 3 6 1 5 2 4 5 8 7 5 3 6 1 1018723844 Sat Apr 13 13:50:44 2002

5 2 2 4 6 2 4 3 3 3 3 3 3 3 6 3 6 3 2 3 4 3 3 2 5 3 5 2 3 4 2 3 3 3 4 3 4 2 2 4 1018864333 Mon Apr 15  4:52:13 2002

8 8 9 8 9 9 9 9 8 8 8 8 7 9 8 6 6 6 7 8 7 7 9 8 6 7 9 9 8 8 7 8 8 9 8 9 9 6 7 9 1018881120 Mon Apr 15  9:32:00 2002

8 7 3 3 7 6 5 2 3 8 9 7 3 3 6 5 4 2 4 8 5 5 4 3 6 5 1 3 4 8 6 3 4 2 5 3 2 1 1 8 1018972165 Tue Apr 16 10:49:25 2002

6 2 4 3 7 4 3 2 3 3 6 5 6 3 7 3 3 4 2 1 2 6 5 2 7 3 3 3 2 2 4 6 4 2 7 3 3 2 2 1 1019042936 Wed Apr 17  6:28:56 2002

3 4 2 2 4 2 3 3 1 1 4 5 1 2 6 1 2 3 2 3 4 4 1 1 5 2 4 2 2 4 5 4 2 2 4 3 3 1 2 3 1019043018 Wed Apr 17  6:30:18 2002

5 3 2 2 6 5 4 1 4 1 3 5 2 2 7 6 6 2 2 1 7 5 1 1 5 6 7 5 4 1 6 3 1 1 6 7 7 4 2 1 1019043052 Wed Apr 17  6:30:52 2002

3 3 2 1 4 2 2 2 1 1 2 2 1 1 2 1 2 2 2 1 1 3 1 2 3 1 2 1 2 1 2 2 1 1 2 1 2 1 1 1 1019043348 Wed Apr 17  6:35:48 2002

6 7 2 3 8 3 7 4 4 1 6 7 2 2 8 2 6 3 5 4 5 9 4 6 8 4 7 3 2 4 5 8 3 2 7 2 5 4 2 7 1019048706 Wed Apr 17  8:05:06 2002

6 5 2 3 7 7 2 3 4 2 4 5 3 2 6 4 3 3 2 3 3 5 3 2 6 5 3 3 2 3 4 3 3 2 6 5 2 2 3 2 1019048860 Wed Apr 17  8:07:40 2002

3 2 1 1 2 1 2 1 1 2 2 3 1 1 5 1 3 1 1 2 3 4 1 1 3 2 1 2 1 1 4 2 1 1 4 1 1 1 2 1 1019049307 Wed Apr 17  8:15:07 2002

3 5 2 2 7 4 4 2 2 2 6 5 2 3 5 3 3 3 2 2 4 5 4 3 6 4 7 2 2 2 6 3 3 2 6 5 7 2 3 2 1019049370 Wed Apr 17  8:16:10 2002

1 9 3 3 2 9 1 1 1 1 4 4 3 6 8 7 7 3 6 7 9 9 9 9 9 6 8 4 8 9 9 4 9 8 9 7 8 5 5 9 1019049716 Wed Apr 17  8:21:56 2002

8 3 9 9 3 7 7 9 7 7 2 4 8 7 4 7 5 6 8 4 6 6 7 8 4 7 6 8 9 8 6 4 8 6 4 8 5 9 6 8 1019050000 Wed Apr 17  8:26:40 2002

5 2 4 3 7 6 6 4 4 3 5 4 2 2 7 3 4 3 3 6 7 5 1 1 8 4 5 1 1 7 4 5 2 2 9 6 8 1 2 5 1019050111 Wed Apr 17  8:28:31 2002

6 6 1 1 6 5 3 2 2 2 5 6 1 2 5 3 4 3 1 5 5 4 2 1 6 3 4 1 2 3 5 6 1 3 6 2 5 1 3 6 1019050763 Wed Apr 17  8:39:23 2002

5 1 1 1 3 2 5 1 1 1 4 2 1 1 1 2 1 1 1 1 2 4 1 1 1 2 3 1 1 1 2 2 1 1 3 2 3 1 1 1 1019051681 Wed Apr 17  8:54:41 2002

3 6 3 1 7 5 4 2 2 3 6 9 2 2 9 3 6 2 3 1 7 8 3 2 9 5 2 3 3 1 7 8 1 2 9 4 2 4 1 6 1019053517 Wed Apr 17  9:25:17 2002

6 7 6 3 8 3 6 3 4 7 7 7 5 2 8 3 3 2 2 2 2 3 2 3 8 6 4 6 5 2 2 5 3 3 8 3 5 4 5 3 1019053522 Wed Apr 17  9:25:22 2002

6 6 4 2 7 7 4 3 3 3 5 6 3 5 7 5 4 3 3 4 6 6 4 3 7 5 4 2 3 4 6 5 4 3 7 5 4 2 3 4 1019053524 Wed Apr 17  9:25:24 2002

3 8 1 2 2 2 8 2 2 1 5 8 1 1 8 2 7 1 2 6 7 9 1 3 4 5 7 1 5 4 7 8 1 6 6 3 5 2 3 7 1019053565 Wed Apr 17  9:26:05 2002

2 2 2 2 3 2 2 1 2 3 4 4 4 3 8 5 7 4 3 7 4 5 4 5 9 7 5 6 4 5 3 6 3 4 8 5 5 3 4 7 1019053568 Wed Apr 17  9:26:08 2002

5 6 3 2 7 4 2 1 4 1 8 6 5 3 6 6 7 2 3 5 2 6 3 2 7 6 3 3 2 8 6 4 3 1 6 5 7 3 2 5 1019053887 Wed Apr 17  9:31:27 2002

7 3 7 3 9 8 8 5 3 1 7 8 5 4 9 9 9 1 2 2 7 7 3 6 9 9 9 3 2 4 8 6 2 1 9 7 9 2 1 1 1019054511 Wed Apr 17  9:41:51 2002

3 5 1 1 7 2 5 2 3 8 3 1 1 1 6 2 5 2 2 6 6 5 1 4 6 7 8 6 2 6 3 4 2 3 7 6 8 2 1 5 1019056271 Wed Apr 17 10:11:11 2002

4 5 3 2 7 5 2 2 3 5 5 4 2 3 7 5 5 3 2 5 3 4 2 2 6 4 4 2 4 4 2 3 2 3 6 5 5 2 1 3 1019065512 Wed Apr 17 12:45:12 2002

4 5 3 2 7 5 2 2 3 5 5 4 2 3 7 5 5 3 2 5 3 4 2 2 6 4 4 2 4 4 2 3 2 3 6 5 5 2 1 3 1019065515 Wed Apr 17 12:45:15 2002

3 3 4 2 9 5 2 3 6 1 4 4 4 6 9 6 2 4 2 1 3 4 4 3 9 5 1 4 2 2 5 4 5 2 9 4 1 2 2 1 1019065895 Wed Apr 17 12:51:35 2002

6 6 1 1 9 2 7 3 6 1 2 6 5 5 9 2 7 2 3 1 6 9 1 3 8 3 3 1 2 2 7 9 2 2 8 3 3 1 2 1 1019072140 Wed Apr 17 14:35:40 2002

3 4 3 3 2 2 2 2 3 4 1 1 1 1 1 1 1 1 1 1 1 1 1 1 1 1 1 1 1 1 1 1 1 1 1 1 1 1 1 1 1019117072 Thu Apr 18  3:04:32 2002

2 1 2 2 3 2 3 2 2 1 2 1 1 1 3 1 2 1 2 1 1 1 2 1 3 1 3 1 2 1 1 1 1 1 3 1 3 1 2 1 1019119981 Thu Apr 18  3:53:01 2002

7 8 3 2 8 1 4 3 3 3 3 8 2 3 8 3 5 3 2 7 8 8 2 1 9 6 8 3 2 2 2 8 1 1 8 3 6 1 1 4 1019121736 Thu Apr 18  4:22:16 2002

4 4 3 5 8 6 7 6 2 4 3 5 4 4 3 5 6 7 6 4 4 4 8 7 7 3 6 5 7 7 5 6 5 1 7 3 2 2 4 3 1019121823 Thu Apr 18  4:23:43 2002

6 6 1 2 9 2 4 1 3 3 7 7 2 2 8 2 4 1 1 3 3 5 1 2 9 3 3 2 1 2 4 2 2 2 7 1 2 1 2 2 1019122261 Thu Apr 18  4:31:01 2002

8 7 4 3 8 5 8 3 4 3 7 5 4 6 6 4 7 4 4 2 6 5 3 4 7 5 8 4 5 3 5 6 3 5 6 4 7 3 3 3 1019123413 Thu Apr 18  4:50:13 2002

7 7 3 2 8 6 9 4 7 1 3 8 3 3 8 7 9 2 7 1 7 8 3 2 7 3 9 3 5 1 5 8 3 2 8 3 9 3 6 1 1019125168 Thu Apr 18  5:19:28 2002

3 4 1 1 8 2 3 2 5 1 5 5 1 1 8 2 3 3 2 1 5 6 1 1 8 2 3 3 2 1 5 6 1 1 8 8 3 3 2 1 1019125314 Thu Apr 18  5:21:54 2002

6 8 1 3 4 4 5 1 3 1 9 8 2 5 8 2 7 3 3 1 7 8 1 4 7 2 6 2 9 1 7 8 2 2 9 2 6 2 1 2 1019126148 Thu Apr 18  5:35:48 2002

6 3 3 5 6 7 7 2 5 6 3 3 2 2 6 5 8 1 4 4 6 4 3 5 7 5 7 2 3 4 3 5 4 3 9 4 6 1 4 3 1019126887 Thu Apr 18  5:48:07 2002

3 1 1 1 3 2 2 1 1 4 2 2 1 1 2 4 2 1 1 3 3 2 1 1 3 4 2 1 1 1 3 3 1 1 2 2 1 1 1 2 1019130076 Thu Apr 18  6:41:16 2002

3 1 1 2 3 3 3 1 2 1 3 1 3 2 2 6 4 1 2 1 5 3 2 3 6 2 5 1 2 1 6 2 2 4 6 6 5 1 2 1 1019130220 Thu Apr 18  6:43:40 2002

5 4 1 1 6 1 4 1 1 1 1 5 1 1 5 1 4 1 1 1 1 1 1 1 6 2 6 1 1 1 2 2 1 1 5 2 1 1 1 1 1019130385 Thu Apr 18  6:46:25 2002

2 1 1 1 3 2 3 1 2 1 2 2 1 2 3 1 3 1 2 1 2 2 2 2 3 1 3 1 2 1 2 1 1 2 3 2 3 1 2 1 1019131345 Thu Apr 18  7:02:25 2002

4 4 1 1 7 1 3 1 3 1 3 2 1 2 7 1 1 1 2 1 3 4 1 1 7 1 5 1 2 1 5 2 1 1 7 2 1 1 1 1 1019133599 Thu Apr 18  7:39:59 2002

7 3 7 8 5 3 8 5 7 6 8 6 2 8 6 5 5 6 4 9 7 6 3 3 5 7 6 5 5 4 4 6 4 2 5 6 1 2 3 2 1019134513 Thu Apr 18  7:55:13 2002

7 4 1 1 5 5 3 1 1 1 5 4 1 2 6 5 3 1 3 1 4 5 2 1 6 4 3 1 1 1 4 3 1 1 6 3 3 1 2 1 1019135377 Thu Apr 18  8:09:37 2002

3 2 3 2 7 5 5 4 4 1 2 3 3 3 7 4 4 2 3 1 3 4 3 4 7 5 5 4 2 2 4 2 3 2 7 5 4 3 1 3 1019136214 Thu Apr 18  8:23:34 2002

1 1 1 1 5 1 4 1 1 1 5 1 1 1 3 5 3 1 1 1 1 1 1 2 1 5 3 1 1 1 3 1 1 2 1 1 2 1 1 1 1021080282 Fri May 10 20:24:42 2002

2 3 3 3 7 1 7 2 2 9 4 3 3 2 7 2 8 7 3 2 5 7 3 4 8 3 8 3 3 3 3 1 4 2 7 2 8 1 4 6 1034115427 Tue Oct  8 17:17:07 2002

3 3 1 3 1 3 2 1 3 3 4 5 8 8 9 6 7 3 2 3 1 1 1 1 1 1 1 1 1 1 1 1 1 1 1 1 1 1 1 1 1035070135 Sat Oct 19 18:28:55 2002

4 5 1 2 7 4 4 2 5 2 3 5 3 2 6 3 6 2 1 4 5 4 3 3 5 3 6 2 2 5 3 6 4 3 6 5 4 3 5 5 1045164285 Thu Feb 13 14:24:45 2003

6 4 5 5 8 5 4 2 3 3 5 3 3 4 8 5 7 2 3 1 6 4 5 4 8 5 6 3 3 1 6 3 3 6 8 4 6 3 6 2 1047409970 Tue Mar 11 14:12:50 2003

5 4 5 3 7 7 3 1 5 3 4 4 5 4 6 5 3 4 3 3 4 5 4 3 6 6 4 3 3 3 6 7 5 4 7 6 3 4 3 5 1066019790 Sun Oct 12 23:36:30 2003

9 9 9 9 9 9 9 9 9 9 9 9 9 9 9 9 9 9 9 9 9 9 9 9 9 9 9 9 9 9 9 9 9 9 9 9 9 9 9 9 1068104968 Thu Nov  6  2:49:28 2003

3 5 3 3 8 5 3 4 6 3 4 6 3 4 8 5 3 2 1 2 5 6 5 4 8 5 3 5 4 4 5 6 4 1 8 4 3 2 3 2 1071454119 Sun Dec 14 21:08:39 2003

5 6 5 2 6 3 2 3 2 2 4 5 4 5 5 4 6 5 4 3 4 5 5 3 5 3 5 5 5 5 4 4 4 5 5 3 4 4 2 2 1072795946 Tue Dec 30  9:52:26 2003

2 3 1 1 7 2 4 1 4 1 5 5 2 4 8 2 7 3 2 2 3 4 3 2 8 2 6 3 2 2 5 6 3 1 8 4 2 2 4 4 1078020205 Sat Feb 28 21:03:25 2004

1 1 2 1 7 6 6 1 1 1 2 4 1 3 7 4 2 2 1 2 1 2 1 1 6 4 3 1 1 2 2 1 1 2 5 2 3 3 1 1 1079075741 Fri Mar 12  2:15:41 2004

6 1 3 4 6 8 1 1 3 5 6 4 4 4 9 5 5 3 2 5 4 5 4 4 8 4 4 4 6 3 5 5 4 3 8 5 6 4 2 1 1093372014 Tue Aug 24 13:26:54 2004

5 5 2 4 7 3 6 3 3 3 5 4 3 5 5 2 6 3 3 5 5 5 3 3 5 3 5 3 5 6 4 5 3 4 5 3 5 3 3 6 1104516059 Fri Dec 31 13:00:59 2004

7 4 2 6 6 6 5 1 5 6 6 5 6 6 8 6 8 4 4 6 5 5 4 5 6 4 8 2 4 5 5 5 5 4 6 6 8 6 4 7 1115900650 Thu May 12  7:24:10 2005

