1	1	2	2	1	1	1	2	1	2	2	1	2	1	1	1	1.00	1.75	1.00	1.75	890170304	Tue Mar 17 16:31:44 1998

1	1	2	1	2	1	2	2	1	2	2	2	2	1	2	1	1.00	2.00	1.00	1.50	890582243	Sun Mar 22 10:57:23 1998

1	1	2	1	1	1	2	2	1	2	1	1	1	1	2	1	1.75	1.50	1.50	1.50	890604067	Sun Mar 22 17:01:07 1998

1	1	1	2	2	1	2	1	1	2	2	1	2	1	2	1	1.25	1.75	1.25	1.75	890604385	Sun Mar 22 17:06:25 1998

1	1	2	2	1	1	2	2	2	1	1	1	2	2	1	2	1.00	2.00	1.25	1.50	890631593	Mon Mar 23  0:39:53 1998

1	2	2	1	2	1	1	2	1	1	2	2	2	1	1	1	1.50	1.75	1.00	1.50	890640311	Mon Mar 23  3:05:11 1998

1	1	2	2	2	1	1	1	1	2	2	1	2	1	2	1	1.00	2.00	1.25	1.50	890669875	Mon Mar 23 11:17:55 1998

1	1	2	1	1	1	1	1	1	1	2	1	1	1	2	1	1.00	1.25	1.00	1.25	890674247	Mon Mar 23 12:30:47 1998

1	1	2	2	1	1	1	2	1	2	2	2	2	1	2	1	1.00	1.00	1.25	1.25	890674610	Mon Mar 23 12:36:50 1998

1	1	2	1	1	1	2	2	1	2	1	1	2	1	2	1	1.25	1.75	1.25	2.00	890676549	Mon Mar 23 13:09:09 1998

1	2	2	2	2	1	2	1	1	2	2	1	2	1	2	1	1.00	1.50	1.00	1.50	890676686	Mon Mar 23 13:11:26 1998

1	1	2	1	2	1	2	2	1	2	1	1	2	2	2	1	1.25	1.75	1.25	1.75	890680701	Mon Mar 23 14:18:21 1998

1	1	2	1	1	1	2	1	1	2	2	1	1	1	1	1	1.00	1.00	1.00	1.25	890683191	Mon Mar 23 14:59:51 1998

1	2	2	1	2	1	2	1	1	2	2	2	2	1	2	2	1.00	1.75	1.25	1.25	890683714	Mon Mar 23 15:08:34 1998

1	1	2	2	1	1	1	1		2	1	1	1	1	2	1	1.00	1.75	1.50	2.00	890684758	Mon Mar 23 15:25:58 1998

1	1	2	1	2	1	2	2	1	2	2	1	2	1	2	2	1.00	1.75	1.00	1.25	890685613	Mon Mar 23 15:40:13 1998

1	2	2	2	1	1	1	1	1	1	2	1	2	1	2	1	1.00	1.50	1.25	1.50	890687587	Mon Mar 23 16:13:07 1998

2	1	2	2	2	2	1	1	1	1	1	1	2	2	2	1	1.75	1.25	2.00	1.25	890689237	Mon Mar 23 16:40:37 1998

1	1	2	2	2					2	1	2	1	1						1.75	890690941	Mon Mar 23 17:09:01 1998

1	1	2	2	2					2	1	2	1	1						1.75	890690943	Mon Mar 23 17:09:03 1998

1	1	2	1	1	1	2	2	1	2	2	1	2	1	2	2	1.25	2.00	1.25	1.50	890690984	Mon Mar 23 17:09:44 1998

1	2	2	1	2	1	2	2	1	2	2	1	2	1	2	1	1.00	1.75	1.25	1.75	890749509	Tue Mar 24  9:25:09 1998

1	2	2	2	2	1	2	1	1	2	2	1	2	1	2	1	1.00	1.00	1.00	1.00	890754645	Tue Mar 24 10:50:45 1998

1	1	2	1	1	2	1	2	1	2	2	2	2	1	2	2	1.00	1.25	1.00	1.75	890759510	Tue Mar 24 12:11:50 1998

1	1	2	2	1	1	2	1	1	2	1	1	1	1	2	1	1.00	2.00	1.00	2.00	890761995	Tue Mar 24 12:53:15 1998

1	2	2	2	1	2	2	1	1	2	1	1	2	1	2	1	1.00	1.25	1.75	1.00	890762616	Tue Mar 24 13:03:36 1998

1	1	2	2	2	1	2	1	1	2	2	1	2	1	2	1	1.00	1.00	1.00	1.00	890763108	Tue Mar 24 13:11:48 1998

1	2	2	2	1	1	2	1	1	1	1	1	2	1	2	1	1.25	1.75	1.00	2.00	890763637	Tue Mar 24 13:20:37 1998

1	1	2	2	1	1	2	2	1	2	2	1	2	1	2	1	1.00	2.00	1.00	2.00	890764283	Tue Mar 24 13:31:23 1998

1	2	2	2	1	1	2	2	1	2	2	1	2	1	2	2	1.00	2.00	1.00	1.50	890765205	Tue Mar 24 13:46:45 1998

1	2	2	1	2	1	2	1	1	2	1	2	1	1	2	2	1.25	1.75	1.25	1.75	890765826	Tue Mar 24 13:57:06 1998

1	1	2	1	2	1	2	1	1	2	2	1	2	1	2	1	1.00	1.50	1.00	1.50	890766317	Tue Mar 24 14:05:17 1998

1	1	2	1	1	1	1	2	1	2	2	2	2	1	2	2	1.00	2.00	1.25	1.75	890767875	Tue Mar 24 14:31:15 1998

1	1	2	2	1	1	2	2	1	2	2	1	2	1	2	2	1.00	2.00	1.00	1.75	890768241	Tue Mar 24 14:37:21 1998

1	2	1	1	1	2	2	1	2	2	2	2	1	2	1	2	1.25	1.75	1.75	2.00	890768600	Tue Mar 24 14:43:20 1998

1	2	2	2	1	2	2	1	1	2	1	2	2	2	2	1	1.25	1.75	1.00	2.00	890769048	Tue Mar 24 14:50:48 1998

1	1	2	1	2	1	1	2	1	2	2	2	2	1	2	2	1.00	2.00	1.00	2.00	890769830	Tue Mar 24 15:03:50 1998

1	1	2	1	2	1	2	1	1	2	1	1	1	1	2	1	1.00	1.75	1.00	2.00	890771996	Tue Mar 24 15:39:56 1998

1	2	2	2	1	1	2	2	1	2	1	1	2	1	2	1	1.00	2.00	1.00	2.00	890774248	Tue Mar 24 16:17:28 1998

1	1	2	1	1	1	1	2	1	1	1	1	2	1	2	1	1.25	1.75	1.25	1.75	890778639	Tue Mar 24 17:30:39 1998

1	1	2	2	1	1	1	2	1	2	1	1	2	1	2	1	1.00	2.00	1.00	2.00	890778696	Tue Mar 24 17:31:36 1998

1	1	2	2	1	1	2	2	1	1	2	1	2	1	2	2	1.50	1.75	1.25	1.25	890779882	Tue Mar 24 17:51:22 1998

1	2	2	1	2	1	2	1	1	2	2	2	2	1	2	1	1.00	1.25	1.00	1.00	890780752	Tue Mar 24 18:05:52 1998

1	1	2	2	1	1	2	2	1	1	2	1	2	1	2	2	1.50	2.00	1.00	1.25	890781264	Tue Mar 24 18:14:24 1998

1	2	1	1	2	1	1	1	1	1	2	1	2	1	2	1	1.75	1.00	1.25	1.25	890781964	Tue Mar 24 18:26:04 1998

1	2	2	2	1	1	2	1	1	2	1	1	2	1	2	2	1.00	1.75	1.25	2.00	890783103	Tue Mar 24 18:45:03 1998

1	2	2	2	1	1	2	2	1	2	1	1	2	1	2	1	1.00	1.75	1.00	1.75	890783130	Tue Mar 24 18:45:30 1998

1	1	2	2	2	1	2	1	2	2	2	1	2	1	2	1	1.50	1.75	1.00	1.25	890783704	Tue Mar 24 18:55:04 1998

1	2	1	1	2	1	2	1	2	2	2	1	2	2	1	1	1.25	1.75	1.25	1.75	890784353	Tue Mar 24 19:05:53 1998

1	2	2	2	1	1	2	1	1	2	2	1	2	1	2	1	1.00	1.75	1.00	2.00	890784963	Tue Mar 24 19:16:03 1998

1	1	1	2	2	1	2	1	1	2	2	1	2	1	2	1	1.50	1.50	1.50	1.75	890785684	Tue Mar 24 19:28:04 1998

1	1	2	2	1	1	2	1	1	2	1	1	2	1	2	1	1.75	1.00	1.75	1.25	890790569	Tue Mar 24 20:49:29 1998

1	1	2	1	1	1	2	2	1	2	1	1	1	1	2	2	1.75	1.75	1.25	1.75	890793451	Tue Mar 24 21:37:31 1998

1	1	2	2	1	1	2	2	1	2	1	1	2	1	2	1	1.25	1.75	1.25	1.75	890795526	Tue Mar 24 22:12:06 1998

2	1	2	2	1	1	2	1	1	2	2	1	2	1	2	1	1.00	1.75	1.00	2.00	890798385	Tue Mar 24 22:59:45 1998

1	1	2	2	1	1	2	1	1	2	1	2	2	1	2	1	1.25	1.50	1.00	1.75	890801583	Tue Mar 24 23:53:03 1998

1	1	2	2	2	1	2	1	1	2	2	1	1	1	2	1	1.75	1.25	1.75	1.75	890832191	Wed Mar 25  8:23:11 1998

2	1	2	1	1	1	2	2	1	2	1	2	1	1	2	2	1.00	1.75	1.00	1.75	890835670	Wed Mar 25  9:21:10 1998

1	1	2	1	2	1	2	2	1	2	2	1	2	1	2	2	1.00	1.75	1.00	2.00	890839485	Wed Mar 25 10:24:45 1998

1	1	2	2	2	1	2	1	1	2	2	1	2	1	2	1	1.25	1.25	1.75	1.50	890847414	Wed Mar 25 12:36:54 1998

1	1	1	2	2	2	2	1	1	2	2	1	2	1	2	1	1.00	1.00	1.00	1.00	890847663	Wed Mar 25 12:41:03 1998

1	2	1	2	2	2	2	1	2	2	1	1	1	1	2	1	1.25	1.75	1.25	1.75	890847813	Wed Mar 25 12:43:33 1998

1	2	2	1	2	1	2	1	1	2	1	2	1	1	2	2	1.25	1.75	1.25	1.75	890851305	Wed Mar 25 13:41:45 1998

1	2	2	2	2	1	2	1	1	2	2	1	2	1	2	1	1.00	1.25	1.00	1.25	890851948	Wed Mar 25 13:52:28 1998

1	1	2	2	1	1	2	1	1	2	1	2	2	1	2	1	1.00	1.75	1.00	2.00	890853705	Wed Mar 25 14:21:45 1998

1	1	2	1	2	1	2	1	1	2	2	1	1	1	2	2	1.00	2.00	1.00	1.50	890853995	Wed Mar 25 14:26:35 1998

1	1	2	2	2	1	2	1	1	2	2	1	2	1	2	1	1.00	1.00	2.00	1.00	890855527	Wed Mar 25 14:52:07 1998

1	1	2	1	2	1	2	1	1	2	2	1	2	1	2	1	1.00	1.00	1.00	1.00	890856046	Wed Mar 25 15:00:46 1998

1	1	2	1	2	1	2	2	1	2	2	1	2	1	2	1	1.25	1.75	1.25	1.25	890860201	Wed Mar 25 16:10:01 1998

1	2	2	1	2	1	2	1	1	2	2	1	2	1	2	1	1.25	1.25	1.25	1.25	890864790	Wed Mar 25 17:26:30 1998

1	1	1	2	2	2	1	1	1	2	1	1	2	1	2	1	1.25	1.75	1.25	1.75	890867805	Wed Mar 25 18:16:45 1998

1	2	2	2	2	1	2	2	1	2	2	1	2	1	2	1	1.00	1.25	1.00	1.25	890869540	Wed Mar 25 18:45:40 1998

1	2	2	2	2	1	2	1	1	2	2	1	2	1	2	1	1.25	1.25	1.75	1.25	890874572	Wed Mar 25 20:09:32 1998

1	2	2	2	2	1	2	1	1	2	2	1	2	1	2	1	1.25	1.75	1.25	1.75	890874797	Wed Mar 25 20:13:17 1998

1	2	1	2	2	1	2	1	1	2	2	1	1	1	2	1	1.00	2.00	1.00	2.00	890878568	Wed Mar 25 21:16:08 1998

1	1	2	2	2	1	2	1	1	2	2	1	2	1	2	1	1.25	1.50	1.25	1.50	890879033	Wed Mar 25 21:23:53 1998

1	2	2	1	1	1	2	1	1	2	2	1	2	1	2	1	1.00	2.00	1.00	1.75	890883779	Wed Mar 25 22:42:59 1998

1	1	1	2	2	1	2	1	1	1	2	1	2	1	2	1	1.75	2.00	2.00	2.00	890892630	Thu Mar 26  1:10:30 1998

1	1	2	2	2	2	2	1	2	2	1	1	2	2	2	1	2.00	1.00	2.00	1.00	890918373	Thu Mar 26  8:19:33 1998

1	2	1	2	1	1	2	1	1	2	2	1	1	1	2	1	1.00	1.75	1.00	1.75	890922025	Thu Mar 26  9:20:25 1998

2	1	2	2	2	2	2	1	1	2	2	1	2	1	2	1	1.00	1.25	1.00	1.50	890925011	Thu Mar 26 10:10:11 1998

1	1	1	2	2	1	2	2	1	2	1	1	2	1	2	1	1.00	2.00	1.00	2.00	890926762	Thu Mar 26 10:39:22 1998

1	2	1	2	2	1	2	1	1	2	2	1	2	1	2	1	1.00	2.00	1.00	1.75	891121641	Sat Mar 28 16:47:21 1998

1	1	2	1	1	1	2	2	1	2	2	1	2	1	2	1	1.00	2.00	1.25	1.75	891522159	Thu Apr  2  8:02:39 1998

1	2	1	2	1	1	1	2	1	2	1	1	2	1	2	2	1.00	2.00	1.00	2.00	891522288	Thu Apr  2  8:04:48 1998

1	1	1	1	1	1	1	1	1	1	1	1	1	1	1	1	1.00	1.00	1.00	1.00	891525991	Thu Apr  2  9:06:31 1998

1	1	2	2	2	2	2	2	2	2	2	2	1	1	1	1	1.00	1.50	1.25	1.75	891529830	Thu Apr  2 10:10:30 1998

1	1	1	1	1	1	1	1	1	1	1	1	1	1	1	1	1.00	1.00	1.00	1.00	892136406	Thu Apr  9 10:40:06 1998

1	1	1	1	1	1	1	1	1	1	1	1	1	1	1	1	1.00	1.00	1.00	1.00	893186699	Tue Apr 21 14:24:59 1998

