1  61.71  62.66
1  42.92  45.14
1  46.50  30.48
1  48.31  40.40
1  38.00  52.10
1  50.13  63.91
1  54.32  41.83
1  48.20  51.37
1  21.05  41.43
1  71.07  55.75
1  42.69  61.02
1  52.69  53.08
1  61.12  65.97
1  57.71  71.01
1  49.62  58.14
1  66.14  64.83
1  47.74  48.45
1  39.28  55.27
1  52.48  52.77
1  49.99  44.26
1  45.01  55.74
1  62.88  56.33
1  22.80  51.12
1  43.24  41.15
1  22.01  36.96
1  49.79  55.73
1  60.36  49.35
1  60.18  49.79
1  41.36  52.91
1  62.02  33.90
1  61.78  49.61
1  49.58  57.53
1  39.63  54.08
1  52.06  47.26
1  57.06  54.59
2  65.62  60.17
2  47.67  63.84
2  43.43  53.33
2  32.17  61.73
2  54.32  54.61
2  56.05  63.34
2  49.20  51.89
2  61.82  73.66
2  37.98  62.62
2  47.36  66.22
2  65.24  66.78
2  52.77  67.86
2  39.07  46.08
2  47.51  63.02
2  45.96  52.61
2  58.11  57.55
2  66.25  34.30
2  32.19  45.00
2  47.02  47.43
2  42.87  42.47
2  45.41  47.36
2  53.35  63.43
2  54.20  59.60
2  47.56  50.30
2  57.72  63.16
2  36.70  54.61
2  49.56  51.47
2  37.26  38.84
2  43.73  53.51
2  51.41  63.27
2  72.23  62.60
2  46.82  53.83
2  42.90  41.02
2  41.36  56.92
2  48.78  50.92
