1  60.55  54.18
1  73.15  28.71
1  47.04  46.35
1  53.34  61.80
1  73.41  31.71
1  49.89  61.94
1  35.25  57.07
1  48.08  49.52
1  47.77  47.36
1  43.92  45.95
1  60.43  42.25
1  36.71  57.08
1  40.37  60.40
1  44.55  43.47
1  45.98  57.26
1  32.10  69.25
1  51.48  54.22
1  63.40  39.78
1  43.45  58.79
1  44.45  51.35
1  43.35  69.23
1  46.85  42.74
1  52.61  57.42
1  67.92  41.12
1  43.47  52.78
1  50.51  45.61
1  46.11  46.87
1  55.08  52.59
1  35.06  62.76
1  57.17  56.13
1  65.55  35.14
1  43.51  56.50
1  46.25  64.85
1  48.57  50.43
1  42.50  48.07
2  67.79  37.50
2  65.45  50.77
2  45.66  54.99
2  37.67  58.57
2  56.20  50.64
2  44.93  55.18
2  50.03  56.82
2  53.68  53.32
2  36.72  59.10
2  50.70  66.41
2  48.32  48.95
2  54.42  56.95
2  41.56  72.27
2  44.14  49.40
2  43.71  51.92
2  61.37  51.14
2  55.05  58.26
2  56.90  43.08
2  55.36  41.47
2  44.08  56.71
2  54.80  55.13
2  58.13  53.79
2  48.99  57.32
2  28.22  73.92
2  29.29  70.90
2  44.27  59.99
2  48.74  57.94
2  50.81  48.13
2  50.07  44.60
2  54.90  53.96
2  38.15  61.54
2  47.33  56.50
2  42.98  62.14
2  47.12  53.44
2  47.33  55.22
