1  50.32  56.89
1  62.91  48.75
1  46.94  40.43
1  48.32  44.24
1  51.49  52.06
1  62.56  51.15
1  52.19  55.70
1  48.60  46.87
1  54.07  41.95
1  40.23  56.76
1  59.73  37.26
1  65.30  33.68
1  59.32  51.19
1  47.93  64.33
1  39.09  50.91
1  45.65  46.76
1  50.24  48.39
1  59.81  48.94
1  52.82  50.85
1  49.72  59.84
1  55.55  61.53
1  44.00  47.19
1  73.78  48.57
1  53.72  38.73
1  38.45  52.10
1  51.00  45.95
1  53.63  37.84
1  53.62  39.27
1  41.86  53.98
1  58.64  60.08
1  47.28  53.62
1  65.83  55.74
1  41.76  70.13
1  36.15  65.42
1  45.53  55.28
2  62.62  56.32
2  38.40  54.73
2  35.14  49.68
2  49.91  60.27
2  45.81  57.74
2  45.31  51.72
2  45.24  55.33
2  47.14  61.32
2  39.45  59.93
2  57.02  52.12
2  59.84  38.33
2  59.36  38.14
2  45.70  58.08
2  47.67  60.04
2  38.53  53.41
2  63.97  67.90
2  54.16  62.94
2  52.55  50.14
2  61.77  64.72
2  54.61  52.44
2  50.71  37.78
2  69.14  58.96
2  36.90  69.28
2  70.80  48.29
2  37.55  62.16
2  58.79  46.64
2  68.03  26.49
2  50.93  53.45
2  43.24  59.62
2  50.75  58.69
2  51.23  57.11
2  57.79  41.75
2  40.08  74.15
2  60.51  61.38
2  38.08  51.70
