1  57.24  50.27
1  41.02  38.74
1  40.96  42.35
1  57.67  56.98
1  28.49  30.77
1  49.70  46.79
1  45.98  38.63
1  69.62  65.01
1  63.02  54.18
1  42.10  37.27
1  47.58  52.88
1  45.22  40.91
1  68.32  60.65
1  48.74  43.79
1  44.75  37.02
1  48.53  45.11
1  57.16  57.81
1  43.81  50.26
1  51.24  51.28
1  45.21  50.63
1  54.36  49.12
1  31.35  48.06
1  48.46  60.94
1  30.12  40.58
1  51.13  63.36
1  66.74  50.34
1  47.06  39.57
1  61.85  53.53
1  40.24  41.24
1  54.69  54.80
1  52.88  54.43
1  47.59  40.38
1  49.67  51.80
1  62.15  73.65
1  49.13  53.04
2  54.52  68.53
2  52.02  51.83
2  58.33  65.56
2  47.18  55.75
2  70.23  75.22
2  44.77  53.35
2  54.04  53.93
2  54.78  53.49
2  31.10  45.23
2  49.94  58.85
2  47.71  54.73
2  42.99  53.37
2  42.26  47.52
2  42.55  49.59
2  62.27  73.69
2  41.73  48.72
2  56.05  54.67
2  40.27  43.05
2  48.64  46.16
2  57.02  56.26
2  51.25  50.11
2  59.22  50.64
2  32.15  35.60
2  42.86  35.03
2  50.42  58.45
2  38.41  52.76
2  45.71  52.02
2  59.98  52.11
2  41.50  50.99
2  57.44  56.47
2  60.58  49.70
2  59.32  57.30
2  45.67  55.62
2  42.51  39.94
2  48.86  57.44
