       1      45
       1      63
       1      58
       1      64
       1      58
       1      63
       1      51
       1      60
       1      59
       1      47
       1      63
       1      61
       1      60
       1      51
       1      59
       1      45
       1      61
       1      59
       1      60
       1      58
       1      63
       1      56
       1      63
       1      64
       1      64
       1      60
       1      64
       1      62
       1      49
       1      64
       1      64
       1      58
       1      64
       1      52
       1      64
       1      64
       1      64
       1      62
       1      64
       1      61
       2      59
       2      59
       2      55
       2      62
       2      51
       2      58
       2      53
       2      54
       2      59
       2      57
       2      58
       2      60
       2      54
       2      42
       2      59
       2      57
       2      59
       2      53
       2      53
       2      42
       2      59
       2      57
       2      29
       2      36
       2      51
       2      64
       2      60
       2      54
       2      54
       2      38
       2      61
       2      60
       2      61
       2      60
       2      62
       2      55
       2      38
       2      43
       2      58
       2      60
       3      44
       3      44
       3      32
       3      56
       3      43
       3      36
       3      38
       3      48
       3      32
       3      40
       3      40
       3      34
       3      45
       3      42
       3      41
       3      32
       3      48
       3      36
       3      29
       3      37
       3      53
       3      55
       3      50
       3      47
       3      46
       3      44
       3      50
       3      56
       3      58
       3      42
       3      58
       3      54
       3      57
       3      54
       3      51
       3      49
       3      52
       3      51
       3      49
       3      51
       4      46
       4      46
       4      42
       4      49
       4      46
       4      56
       4      42
       4      53
       4      55
       4      51
       4      55
       4      49
       4      53
       4      55
       4      40
       4      46
       4      56
       4      47
       4      54
       4      54
       4      42
       4      34
       4      35
       4      41
       4      48
       4      46
       4      39
       4      55
       4      30
       4      49
       4      27
       4      51
       4      41
       4      36
       4      45
       4      41
       4      53
       4      32
       4      43
       4      33
