036300547          1       1       1    MpMp    Mp2Mp1    80     49.922
036300547          1       2       2    LL      L1L2      20     10.775
036300547          1       3       3    Mp      Mp2       70      6.590
036300547          1       4       4    MpMp    Mp1Mp2    85      4.526
036300547          1       5       5    MmMm    Mm1Mm2    45     11.827
036300547          1       6       6    L       L2        20      3.645
036300547          1       7       7    MmMm    Mm1Mm2    45      3.185
036300547          1       8       8    LL      L2L1      15      9.724
036300547          1       9       9    MmL     Mm2L1     35      4.877
036300547          1      10      10    MmMm    Mm2Mm1    45      6.579
036300547          1      11      11    H       H1        50      4.267
036300547          1      12      12    LL      L1L2      20      4.386
036300547          1      13      13    MpMp    Mp2Mp1    85      2.834
036300547          1      14      14    L       L2        25      5.177
036300547          1      15      15    HH      H1H2      85      3.235
036300547          1      16      16    HMp     H2Mp2     75      4.947
036300547          1      17      17    Mm      Mm1       40      3.355
036300547          1      18      18    HMp     H1Mp1     85      8.672
036300547          1      19      19    Mp      Mp2       50      2.314
036300547          1      20      20    HMp     H2Mp1     85      9.764
036300547          1      21      21    H       H2        55      4.056
036300547          1      22      22    MmL     Mm1L2     35      3.234
036300547          1      23      23    MmMm    Mm2Mm1    45      3.545
036300547          1      24      24    H       H2        50      4.677
036300547          1      25      25    Mm      Mm2       45      3.225
036300547          1      26      26    MmL     Mm2L2     35      6.910
036300547          1      27      27    L       L1        25      4.196
036300547          1      28      28    LL      L2L1      20      2.493
036300547          1      29      29    Mp      Mp1       50      3.886
036300547          1      30      30    Mm      Mm2       45      2.073
036300547          1      31      31    MpMp    Mp1Mp2    85      7.621
036300547          1      32      32    Mm      Mm1       45      2.093
036300547          1      33      33    MmL     Mm1L1     25      2.684
036300547          1      34      34    Mp      Mp1       50      2.123
036300547          1      35      35    HH      H2H1      85      7.391
036300547          1      36      36    HH      H2H1      85      1.722
036300547          1      37      37    L       L1        25      2.253
036300547          1      38      38    HMp     H1Mp2     85      9.454
036300547          1      39      39    HH      H1H2      85      1.662
036300547          1      40      40    H       H1        55      1.933
036300547          2       1      41    H       H1        50      2.674
036300547          2       2      42    L       L2        25      1.873
036300547          2       3      43    Mm      Mm1       45      3.034
036300547          2       4      44    Mm      Mm2       40      5.067
036300547          2       5      45    MmMm    Mm2Mm1    35      9.173
036300547          2       6      46    L       L1        25      2.524
036300547          2       7      47    Mm      Mm1       45      2.824
036300547          2       8      48    LL      L2L1      35      8.092
036300547          2       9      49    LL      L1L2      20      3.345
036300547          2      10      50    MmMm    Mm1Mm2    40      4.206
036300547          2      11      51    HMp     H2Mp1     85      7.510
036300547          2      12      52    HH      H1H2      85      1.483
036300547          2      13      53    H       H2        55      1.892
036300547          2      14      54    Mp      Mp2       55      2.264
036300547          2      15      55    MmL     Mm1L2     35     13.509
036300547          2      16      56    MpMp    Mp1Mp2    85      2.403
036300547          2      17      57    Mp      Mp1       55      1.803
036300547          2      18      58    LL      L2L1      35      4.056
036300547          2      19      59    L       L1        20      1.792
036300547          2      20      60    MmL     Mm1L1     20      6.269
036300547          2      21      61    HMp     H1Mp2     85      6.069
036300547          2      22      62    HH      H2H1      85      2.123
036300547          2      23      63    MmL     Mm2L2     35      2.364
036300547          2      24      64    MpMp    Mp2Mp1    85      1.882
036300547          2      25      65    MmMm    Mm2Mm1    40      4.287
036300547          2      26      66    H       H2        55      2.804
036300547          2      27      67    Mm      Mm2       40      2.623
036300547          2      28      68    MmL     Mm2L1     35      2.474
036300547          2      29      69    L       L2        20      2.243
036300547          2      30      70    HMp     H2Mp2     85      3.425
036300547          2      31      71    Mp      Mp2       55      1.803
036300547          2      32      72    LL      L1L2      35      2.443
036300547          2      33      73    MmMm    Mm1Mm2    30      1.773
036300547          2      34      74    MpMp    Mp1Mp2    85      1.953
036300547          2      35      75    Mp      Mp1       55      1.552
036300547          2      36      76    H       H1        50      2.844
036300547          2      37      77    HMp     H1Mp1     85      2.864
036300547          2      38      78    HH      H1H2      95      1.813
036300547          2      39      79    HH      H2H1      85      2.022
036300547          2      40      80    MpMp    Mp2Mp1    85      1.452
