175192700          1       1       1    MpMp    Mp2Mp1    50     16.396
175192700          1       2       2    LL      L1L2       0      3.143
175192700          1       3       3    Mp      Mp2       50      4.834
175192700          1       4       4    MpMp    Mp1Mp2    50      8.542
175192700          1       5       5    MmMm    Mm1Mm2    30      8.590
175192700          1       6       6    L       L2        20      7.336
175192700          1       7       7    MmMm    Mm1Mm2    35      3.219
175192700          1       8       8    LL      L2L1       1      2.418
175192700          1       9       9    MmL     Mm2L1     20     10.352
175192700          1      10      10    MmMm    Mm2Mm1    35     18.436
175192700          1      11      11    H       H1        65      7.972
175192700          1      12      12    LL      L1L2       1      1.658
175192700          1      13      13    MpMp    Mp2Mp1    50      1.900
175192700          1      14      14    L       L2        20      2.042
175192700          1      15      15    HH      H1H2      80      4.516
175192700          1      16      16    HMp     H2Mp2     75      5.967
175192700          1      17      17    Mm      Mm1       40      4.715
175192700          1      18      18    HMp     H1Mp1     65     11.898
175192700          1      19      19    Mp      Mp2       50      2.818
175192700          1      20      20    HMp     H2Mp1     65      5.012
175192700          1      21      21    H       H2        60      7.575
175192700          1      22      22    MmL     Mm1L2     20      8.733
175192700          1      23      23    MmMm    Mm2Mm1    35     10.005
175192700          1      24      24    H       H2        70      2.954
175192700          1      25      25    Mm      Mm2       45      5.773
175192700          1      26      26    MmL     Mm2L2     20      6.806
175192700          1      27      27    L       L1        30      7.830
175192700          1      28      28    LL      L2L1       1      2.652
175192700          1      29      29    Mp      Mp1       50      7.686
175192700          1      30      30    Mm      Mm2       40      2.592
175192700          1      31      31    MpMp    Mp1Mp2    50      7.431
175192700          1      32      32    Mm      Mm1       45      2.371
175192700          1      33      33    MmL     Mm1L1     20      8.451
175192700          1      34      34    Mp      Mp1       50      3.584
175192700          1      35      35    HH      H2H1      70      4.867
175192700          1      36      36    HH      H2H1      75      4.782
175192700          1      37      37    L       L1        30      3.582
175192700          1      38      38    HMp     H1Mp2     65     13.254
175192700          1      39      39    HH      H1H2      75      4.160
175192700          1      40      40    H       H1        65      2.367
175192700          2       1      41    H       H1        65      1.522
175192700          2       2      42    L       L2        20      2.430
175192700          2       3      43    Mm      Mm1       40      2.836
175192700          2       4      44    Mm      Mm2       45      3.422
175192700          2       5      45    MmMm    Mm2Mm1    40      3.044
175192700          2       6      46    L       L1        30      2.094
175192700          2       7      47    Mm      Mm1       45      6.274
175192700          2       8      48    LL      L2L1       1      2.167
175192700          2       9      49    LL      L1L2       1      1.483
175192700          2      10      50    MmMm    Mm1Mm2    40      5.839
175192700          2      11      51    HMp     H2Mp1     65      4.027
175192700          2      12      52    HH      H1H2      75      7.219
175192700          2      13      53    H       H2        70      2.091
175192700          2      14      54    Mp      Mp2       50      7.889
175192700          2      15      55    MmL     Mm1L2     20      6.293
175192700          2      16      56    MpMp    Mp1Mp2    50      3.794
175192700          2      17      57    Mp      Mp1       50      1.076
175192700          2      18      58    LL      L2L1       1      1.709
175192700          2      19      59    L       L1        30      2.064
175192700          2      20      60    MmL     Mm1L1     30      3.909
175192700          2      21      61    HMp     H1Mp2     65      6.494
175192700          2      22      62    HH      H2H1      75      2.143
175192700          2      23      63    MmL     Mm2L2     15      4.636
175192700          2      24      64    MpMp    Mp2Mp1    50      5.639
175192700          2      25      65    MmMm    Mm2Mm1    40      4.340
175192700          2      26      66    H       H2        65      4.153
175192700          2      27      67    Mm      Mm2       40      3.483
175192700          2      28      68    MmL     Mm2L1     25      4.039
175192700          2      29      69    L       L2        20      1.617
175192700          2      30      70    HMp     H2Mp2     75      2.777
175192700          2      31      71    Mp      Mp2       50      7.556
175192700          2      32      72    LL      L1L2       1      1.401
175192700          2      33      73    MmMm    Mm1Mm2    40      2.365
175192700          2      34      74    MpMp    Mp1Mp2    50      2.643
175192700          2      35      75    Mp      Mp1       50      1.212
175192700          2      36      76    H       H1        65      4.312
175192700          2      37      77    HMp     H1Mp1     70      2.327
175192700          2      38      78    HH      H1H2      75      2.726
175192700          2      39      79    HH      H2H1      75      2.570
175192700          2      40      80    MpMp    Mp2Mp1    50      1.663
