353284907          1       1       1    MpMp    Mp2Mp1    65     15.440
353284907          1       2       2    LL      L1L2      10     11.810
353284907          1       3       3    Mp      Mp2       65     14.560
353284907          1       4       4    MpMp    Mp1Mp2    60      9.560
353284907          1       5       5    MmMm    Mm1Mm2    25      6.150
353284907          1       6       6    L       L2        10      5.930
353284907          1       7       7    MmMm    Mm1Mm2    25      7.030
353284907          1       8       8    LL      L2L1      10      9.070
353284907          1       9       9    MmL     Mm2L1      5     13.560
353284907          1      10      10    MmMm    Mm2Mm1    25      4.060
353284907          1      11      11    H       H1        70      4.400
353284907          1      12      12    LL      L1L2      10      4.120
353284907          1      13      13    MpMp    Mp2Mp1    60     13.230
353284907          1      14      14    L       L2        10      2.910
353284907          1      15      15    HH      H1H2      95      7.140
353284907          1      16      16    HMp     H2Mp2     79      6.750
353284907          1      17      17    Mm      Mm1       50      4.450
353284907          1      18      18    HMp     H1Mp1     65     18.130
353284907          1      19      19    Mp      Mp2       60      4.060
353284907          1      20      20    HMp     H2Mp1     80      7.470
353284907          1      21      21    H       H2        90      4.010
353284907          1      22      22    MmL     Mm1L2     10      4.070
353284907          1      23      23    MmMm    Mm2Mm1    30      5.440
353284907          1      24      24    H       H2        90      3.520
353284907          1      25      25    Mm      Mm2       25      4.000
353284907          1      26      26    MmL     Mm2L2     10      3.520
353284907          1      27      27    L       L1        15      4.610
353284907          1      28      28    LL      L2L1      10      3.400
353284907          1      29      29    Mp      Mp1       60     11.480
353284907          1      30      30    Mm      Mm2       35      5.770
353284907          1      31      31    MpMp    Mp1Mp2    60      4.060
353284907          1      32      32    Mm      Mm1       50      5.220
353284907          1      33      33    MmL     Mm1L1     30      5.050
353284907          1      34      34    Mp      Mp1       40      6.810
353284907          1      35      35    HH      H2H1     100      6.370
353284907          1      36      36    HH      H2H1     100      4.940
353284907          1      37      37    L       L1        30      5.000
353284907          1      38      38    HMp     H1Mp2     70      2.970
353284907          1      39      39    HH      H1H2     100      5.320
353284907          1      40      40    H       H1        80      3.960
353284907          2       1      41    H       H1        80      3.240
353284907          2       2      42    L       L2        20      3.680
353284907          2       3      43    Mm      Mm1       50      5.110
353284907          2       4      44    Mm      Mm2       35      5.100
353284907          2       5      45    MmMm    Mm2Mm1    30      3.240
353284907          2       6      46    L       L1        15      4.560
353284907          2       7      47    Mm      Mm1       50      2.360
353284907          2       8      48    LL      L2L1      10      3.240
353284907          2       9      49    LL      L1L2      10      2.690
353284907          2      10      50    MmMm    Mm1Mm2    30      3.300
353284907          2      11      51    HMp     H2Mp1     60      5.940
353284907          2      12      52    HH      H1H2     100      2.800
353284907          2      13      53    H       H2        90      9.890
353284907          2      14      54    Mp      Mp2       60      3.240
353284907          2      15      55    MmL     Mm1L2     18      9.280
353284907          2      16      56    MpMp    Mp1Mp2    50      3.850
353284907          2      17      57    Mp      Mp1       60      2.800
353284907          2      18      58    LL      L2L1      10     11.150
353284907          2      19      59    L       L1        20      4.670
353284907          2      20      60    MmL     Mm1L1     23      4.170
353284907          2      21      61    HMp     H1Mp2     75      7.690
353284907          2      22      62    HH      H2H1     100      2.470
353284907          2      23      63    MmL     Mm2L2     10      5.330
353284907          2      24      64    MpMp    Mp2Mp1    60      8.020
353284907          2      25      65    MmMm    Mm2Mm1    15      4.060
353284907          2      26      66    H       H2        90      2.580
353284907          2      27      67    Mm      Mm2       35      6.210
353284907          2      28      68    MmL     Mm2L1     25      3.790
353284907          2      29      69    L       L2        25      2.800
353284907          2      30      70    HMp     H2Mp2     60      3.680
353284907          2      31      71    Mp      Mp2       50      3.570
353284907          2      32      72    LL      L1L2      10      4.670
353284907          2      33      73    MmMm    Mm1Mm2    30      5.430
353284907          2      34      74    MpMp    Mp1Mp2    60      4.230
353284907          2      35      75    Mp      Mp1       50      2.910
353284907          2      36      76    H       H1        80      2.360
353284907          2      37      77    HMp     H1Mp1     75      3.020
353284907          2      38      78    HH      H1H2     100      2.970
353284907          2      39      79    HH      H2H1     100      2.520
353284907          2      40      80    MpMp    Mp2Mp1    50      5.280
