571243087          1       1       1    MpMp    Mp2Mp1    75     24.781
571243087          1       2       2    LL      L1L2      25      8.934
571243087          1       3       3    Mp      Mp2       70      9.872
571243087          1       4       4    MpMp    Mp1Mp2    75      5.924
571243087          1       5       5    MmMm    Mm1Mm2    50      8.278
571243087          1       6       6    L       L2        30      6.521
571243087          1       7       7    MmMm    Mm1Mm2    50      3.521
571243087          1       8       8    LL      L2L1      25      6.847
571243087          1       9       9    MmL     Mm2L1     50      9.396
571243087          1      10      10    MmMm    Mm2Mm1    50      5.548
571243087          1      11      11    H       H1        75      6.480
571243087          1      12      12    LL      L1L2      25      3.425
571243087          1      13      13    MpMp    Mp2Mp1    75      4.764
571243087          1      14      14    L       L2        25      3.111
571243087          1      15      15    HH      H1H2      90      9.372
571243087          1      16      16    HMp     H2Mp2    100      4.665
571243087          1      17      17    Mm      Mm1       50      5.267
571243087          1      18      18    HMp     H1Mp1     80      8.843
571243087          1      19      19    Mp      Mp2       80      9.844
571243087          1      20      20    HMp     H2Mp1     95      8.117
571243087          1      21      21    H       H2        90      3.656
571243087          1      22      22    MmL     Mm1L2     35      7.575
571243087          1      23      23    MmMm    Mm2Mm1    50      3.800
571243087          1      24      24    H       H2        90      2.173
571243087          1      25      25    Mm      Mm2       70      3.626
571243087          1      26      26    MmL     Mm2L2     40      6.264
571243087          1      27      27    L       L1        30      3.034
571243087          1      28      28    LL      L2L1      25      2.922
571243087          1      29      29    Mp      Mp1       70      6.028
571243087          1      30      30    Mm      Mm2       70      2.982
571243087          1      31      31    MpMp    Mp1Mp2    75     14.713
571243087          1      32      32    Mm      Mm1       50      2.596
571243087          1      33      33    MmL     Mm1L1     30      3.735
571243087          1      34      34    Mp      Mp1       70      2.776
571243087          1      35      35    HH      H2H1      90      8.282
571243087          1      36      36    HH      H2H1      90      1.908
571243087          1      37      37    L       L1        30      6.359
571243087          1      38      38    HMp     H1Mp2     90      4.769
571243087          1      39      39    HH      H1H2      95      4.920
571243087          1      40      40    H       H1        80      3.026
571243087          2       1      41    H       H1        80      1.634
571243087          2       2      42    L       L2        35      4.653
571243087          2       3      43    Mm      Mm1       50      4.012
571243087          2       4      44    Mm      Mm2       70      4.210
571243087          2       5      45    MmMm    Mm2Mm1    50      3.569
571243087          2       6      46    L       L1        30      2.614
571243087          2       7      47    Mm      Mm1       50      2.006
571243087          2       8      48    LL      L2L1      25      3.039
571243087          2       9      49    LL      L1L2      25      3.219
571243087          2      10      50    MmMm    Mm1Mm2    50      4.067
571243087          2      11      51    HMp     H2Mp1    100      4.944
571243087          2      12      52    HH      H1H2      90      4.546
571243087          2      13      53    H       H2        90      4.871
571243087          2      14      54    Mp      Mp2       75      5.749
571243087          2      15      55    MmL     Mm1L2     30      9.230
571243087          2      16      56    MpMp    Mp1Mp2    75      3.948
571243087          2      17      57    Mp      Mp1       80      6.471
571243087          2      18      58    LL      L2L1      25     10.296
571243087          2      19      59    L       L1        30      2.534
571243087          2      20      60    MmL     Mm1L1     25      2.938
571243087          2      21      61    HMp     H1Mp2     75      4.353
571243087          2      22      62    HH      H2H1      90      4.215
571243087          2      23      63    MmL     Mm2L2     40      3.619
571243087          2      24      64    MpMp    Mp2Mp1    75      4.122
571243087          2      25      65    MmMm    Mm2Mm1    50      3.850
571243087          2      26      66    H       H2        90      8.503
571243087          2      27      67    Mm      Mm2       70      3.416
571243087          2      28      68    MmL     Mm2L1     40      3.791
571243087          2      29      69    L       L2        35     14.570
571243087          2      30      70    HMp     H2Mp2     90      3.196
571243087          2      31      71    Mp      Mp2       75      9.136
571243087          2      32      72    LL      L1L2      25      2.638
571243087          2      33      73    MmMm    Mm1Mm2    50     11.969
571243087          2      34      74    MpMp    Mp1Mp2    75      3.481
571243087          2      35      75    Mp      Mp1       80      4.118
571243087          2      36      76    H       H1        80      3.148
571243087          2      37      77    HMp     H1Mp1     85      3.388
571243087          2      38      78    HH      H1H2      95      4.479
571243087          2      39      79    HH      H2H1      95      4.321
571243087          2      40      80    MpMp    Mp2Mp1    75      4.266
