862406030          1       1       1    MpMp    Mp2Mp1    75     16.480
862406030          1       2       2    LL      L1L2       1      5.990
862406030          1       3       3    Mp      Mp2       65      8.950
862406030          1       4       4    MpMp    Mp1Mp2    75      9.170
862406030          1       5       5    MmMm    Mm1Mm2    40      6.710
862406030          1       6       6    L       L2         1      3.900
862406030          1       7       7    MmMm    Mm1Mm2    40      5.600
862406030          1       8       8    LL      L2L1       1      2.740
862406030          1       9       9    MmL     Mm2L1     15      4.840
862406030          1      10      10    MmMm    Mm2Mm1    30      5.050
862406030          1      11      11    H       H1        85      4.450
862406030          1      12      12    LL      L1L2       1      2.140
862406030          1      13      13    MpMp    Mp2Mp1    85      3.850
862406030          1      14      14    L       L2         1      3.460
862406030          1      15      15    HH      H1H2      95      4.670
862406030          1      16      16    HMp     H2Mp2     90      4.110
862406030          1      17      17    Mm      Mm1       65      7.800
862406030          1      18      18    HMp     H1Mp1     95      8.130
862406030          1      19      19    Mp      Mp2       70      4.290
862406030          1      20      20    HMp     H2Mp1     98      3.460
862406030          1      21      21    H       H2        80      5.440
862406030          1      22      22    MmL     Mm1L2      1      5.820
862406030          1      23      23    MmMm    Mm2Mm1    30      5.980
862406030          1      24      24    H       H2        80      2.920
862406030          1      25      25    Mm      Mm2       30      7.190
862406030          1      26      26    MmL     Mm2L2      1      1.760
862406030          1      27      27    L       L1        10      3.400
862406030          1      28      28    LL      L2L1       1      1.760
862406030          1      29      29    Mp      Mp1       85      7.970
862406030          1      30      30    Mm      Mm2       40      3.460
862406030          1      31      31    MpMp    Mp1Mp2    80      6.480
862406030          1      32      32    Mm      Mm1       30      3.350
862406030          1      33      33    MmL     Mm1L1     10      3.130
862406030          1      34      34    Mp      Mp1       75      4.390
862406030          1      35      35    HH      H2H1      95      3.460
862406030          1      36      36    HH      H2H1      95      3.680
862406030          1      37      37    L       L1        10      8.240
862406030          1      38      38    HMp     H1Mp2     90      3.020
862406030          1      39      39    HH      H1H2      98      5.110
862406030          1      40      40    H       H1        85      5.980
862406030          2       1      41    H       H1        85      5.110
862406030          2       2      42    L       L2         1      1.590
862406030          2       3      43    Mm      Mm1       30      3.850
862406030          2       4      44    Mm      Mm2       35      5.870
862406030          2       5      45    MmMm    Mm2Mm1    20      4.230
862406030          2       6      46    L       L1        15      2.260
862406030          2       7      47    Mm      Mm1       35      2.630
862406030          2       8      48    LL      L2L1       1      2.420
862406030          2       9      49    LL      L1L2       1      2.530
862406030          2      10      50    MmMm    Mm1Mm2    20      8.230
862406030          2      11      51    HMp     H2Mp1     90      7.910
862406030          2      12      52    HH      H1H2      98      2.970
862406030          2      13      53    H       H2        80      2.530
862406030          2      14      54    Mp      Mp2       75      2.530
862406030          2      15      55    MmL     Mm1L2      1      1.370
862406030          2      16      56    MpMp    Mp1Mp2    80      9.280
862406030          2      17      57    Mp      Mp1       85      6.700
862406030          2      18      58    LL      L2L1       1      1.600
862406030          2      19      59    L       L1        15      2.250
862406030          2      20      60    MmL     Mm1L1     15      6.370
862406030          2      21      61    HMp     H1Mp2     90      6.430
862406030          2      22      62    HH      H2H1      98      2.630
862406030          2      23      63    MmL     Mm2L2      1      1.820
862406030          2      24      64    MpMp    Mp2Mp1    80      4.880
862406030          2      25      65    MmMm    Mm2Mm1    15      2.970
862406030          2      26      66    H       H2        85      2.910
862406030          2      27      67    Mm      Mm2       35      3.460
862406030          2      28      68    MmL     Mm2L1     20      3.520
862406030          2      29      69    L       L2         1      1.260
862406030          2      30      70    HMp     H2Mp2     80      5.060
862406030          2      31      71    Mp      Mp2       75      1.980
862406030          2      32      72    LL      L1L2       1      2.530
862406030          2      33      73    MmMm    Mm1Mm2    15      2.690
862406030          2      34      74    MpMp    Mp1Mp2    85      4.940
862406030          2      35      75    Mp      Mp1       85      2.970
862406030          2      36      76    H       H1        85      6.810
862406030          2      37      77    HMp     H1Mp1     95     11.370
862406030          2      38      78    HH      H1H2      98      2.030
862406030          2      39      79    HH      H2H1      98      2.910
862406030          2      40      80    MpMp    Mp2Mp1    90      4.290
