157122788          1       1       1    MpMp    Mp2Mp1    80     10.141
157122788          1       2       2    LL      L1L2      20      2.875
157122788          1       3       3    Mp      Mp2       50      3.172
157122788          1       4       4    MpMp    Mp1Mp2    60      2.734
157122788          1       5       5    MmMm    Mm1Mm2    40      4.781
157122788          1       6       6    L       L2         1      4.484
157122788          1       7       7    MmMm    Mm1Mm2    40      3.500
157122788          1       8       8    LL      L2L1      30      3.266
157122788          1       9       9    MmL     Mm2L1     30      1.796
157122788          1      10      10    MmMm    Mm2Mm1    40      2.609
157122788          1      11      11    H       H1        80      2.672
157122788          1      12      12    LL      L1L2      20      2.204
157122788          1      13      13    MpMp    Mp2Mp1    60      2.406
157122788          1      14      14    L       L2         5      3.922
157122788          1      15      15    HH      H1H2      80      3.203
157122788          1      16      16    HMp     H2Mp2     90      5.609
157122788          1      17      17    Mm      Mm1       35      2.625
157122788          1      18      18    HMp     H1Mp1     60     11.922
157122788          1      19      19    Mp      Mp2       60      5.625
157122788          1      20      20    HMp     H2Mp1     75      2.688
157122788          1      21      21    H       H2        80      1.937
157122788          1      22      22    MmL     Mm1L2     40      6.890
157122788          1      23      23    MmMm    Mm2Mm1    40      8.906
157122788          1      24      24    H       H2        75      3.610
157122788          1      25      25    Mm      Mm2       30      3.688
157122788          1      26      26    MmL     Mm2L2     30      2.282
157122788          1      27      27    L       L1        25      7.375
157122788          1      28      28    LL      L2L1      20      2.219
157122788          1      29      29    Mp      Mp1       60      2.938
157122788          1      30      30    Mm      Mm2       40      2.250
157122788          1      31      31    MpMp    Mp1Mp2    70      2.953
157122788          1      32      32    Mm      Mm1       30      5.484
157122788          1      33      33    MmL     Mm1L1     10      1.796
157122788          1      34      34    Mp      Mp1       55      2.172
157122788          1      35      35    HH      H2H1      95      2.687
157122788          1      36      36    HH      H2H1      95      1.593
157122788          1      37      37    L       L1        45     10.375
157122788          1      38      38    HMp     H1Mp2     70      7.484
157122788          1      39      39    HH      H1H2      80      2.781
157122788          1      40      40    H       H1        75      2.610
157122788          2       1      41    H       H1        75      1.282
157122788          2       2      42    L       L2        10      1.625
157122788          2       3      43    Mm      Mm1       20      1.750
157122788          2       4      44    Mm      Mm2       25      1.546
157122788          2       5      45    MmMm    Mm2Mm1    25      1.593
157122788          2       6      46    L       L1        30      1.578
157122788          2       7      47    Mm      Mm1       25      1.593
157122788          2       8      48    LL      L2L1       5      4.813
157122788          2       9      49    LL      L1L2       5      1.266
157122788          2      10      50    MmMm    Mm1Mm2    15      2.813
157122788          2      11      51    HMp     H2Mp1     69      4.187
157122788          2      12      52    HH      H1H2      70      3.640
157122788          2      13      53    H       H2        70      2.703
157122788          2      14      54    Mp      Mp2       55      3.625
157122788          2      15      55    MmL     Mm1L2     10      2.922
157122788          2      16      56    MpMp    Mp1Mp2    60      2.766
157122788          2      17      57    Mp      Mp1       55      2.234
157122788          2      18      58    LL      L2L1      30     10.281
157122788          2      19      59    L       L1        10      3.000
157122788          2      20      60    MmL     Mm1L1     20     21.515
157122788          2      21      61    HMp     H1Mp2     70      3.484
157122788          2      22      62    HH      H2H1      75      1.766
157122788          2      23      63    MmL     Mm2L2     20      7.922
157122788          2      24      64    MpMp    Mp2Mp1    60      1.578
157122788          2      25      65    MmMm    Mm2Mm1    20      4.110
157122788          2      26      66    H       H2        80      2.766
157122788          2      27      67    Mm      Mm2       30      2.188
157122788          2      28      68    MmL     Mm2L1     20      3.532
157122788          2      29      69    L       L2         2      1.469
157122788          2      30      70    HMp     H2Mp2     65      3.125
157122788          2      31      71    Mp      Mp2       55      2.266
157122788          2      32      72    LL      L1L2       4      3.469
157122788          2      33      73    MmMm    Mm1Mm2    20      1.704
157122788          2      34      74    MpMp    Mp1Mp2    60      2.266
157122788          2      35      75    Mp      Mp1       55      1.375
157122788          2      36      76    H       H1        50      5.828
157122788          2      37      77    HMp     H1Mp1     60      2.328
157122788          2      38      78    HH      H1H2      90      1.922
157122788          2      39      79    HH      H2H1      95      1.625
157122788          2      40      80    MpMp    Mp2Mp1    68      2.750
