176153169          1       1       1    Mm      Mm2       35      7.044
176153169          1       2       2    HH      H1H2      75      6.511
176153169          1       3       3    MpMp    Mp2Mp1    65      4.521
176153169          1       4       4    L       L2        20      3.697
176153169          1       5       5    Mm      Mm1       40      2.771
176153169          1       6       6    LL      L1L2      10      2.642
176153169          1       7       7    HMp     H1Mp1     60      4.957
176153169          1       8       8    MmL     Mm1L2     30      3.982
176153169          1       9       9    MmL     Mm2L2     30      2.287
176153169          1      10      10    HMp     H1Mp2     65      3.736
176153169          1      11      11    HH      H2H1      70      5.788
176153169          1      12      12    MmL     Mm1L1     25      6.227
176153169          1      13      13    MmL     Mm2L1     20      2.738
176153169          1      14      14    HH      H1H2      70      4.912
176153169          1      15      15    HMp     H2Mp1     65      2.317
176153169          1      16      16    L       L1        15      2.024
176153169          1      17      17    LL      L2L1      10      3.651
176153169          1      18      18    LL      L1L2      10      2.060
176153169          1      19      19    MmMm    Mm1Mm2    20      3.636
176153169          1      20      20    MpMp    Mp1Mp2    60      6.511
176153169          1      21      21    Mm      Mm2       40      3.738
176153169          1      22      22    L       L1        25      2.557
176153169          1      23      23    L       L2        25      1.500
176153169          1      24      24    LL      L2L1      10      2.923
176153169          1      25      25    MpMp    Mp2Mp1    65      3.792
176153169          1      26      26    HMp     H2Mp2     70      3.670
176153169          1      27      27    Mp      Mp2       65      5.838
176153169          1      28      28    Mp      Mp1       55      3.133
176153169          1      29      29    H       H2        65      4.263
176153169          1      30      30    MpMp    Mp1Mp2    60      7.596
176153169          1      31      31    H       H2        60      2.533
176153169          1      32      32    HH      H2H1      70      3.109
176153169          1      33      33    H       H1        65      3.176
176153169          1      34      34    Mm      Mm1       45      4.485
176153169          1      35      35    MmMm    Mm2Mm1    25      2.335
176153169          1      36      36    Mp      Mp1       55      4.408
176153169          1      37      37    H       H1        65      2.033
176153169          1      38      38    MmMm    Mm1Mm2    20      3.844
176153169          1      39      39    MmMm    Mm2Mm1    20      2.459
176153169          1      40      40    Mp      Mp2       60      3.189
176153169          2       1      41    H       H1        65      2.226
176153169          2       2      42    Mp      Mp2       60      2.178
176153169          2       3      43    HMp     H1Mp1     65      2.773
176153169          2       4      44    Mp      Mp2       65      1.451
176153169          2       5      45    LL      L1L2      10      2.515
176153169          2       6      46    HH      H2H1      70      2.470
176153169          2       7      47    MmMm    Mm1Mm2    20      4.583
176153169          2       8      48    LL      L2L1      10      2.389
176153169          2       9      49    HH      H1H2      75      2.395
176153169          2      10      50    L       L1        20      3.160
176153169          2      11      51    Mm      Mm2       35      3.426
176153169          2      12      52    MpMp    Mp1Mp2    60      2.563
176153169          2      13      53    MmL     Mm1L1     25      4.008
176153169          2      14      54    MpMp    Mp2Mp1    60      3.008
176153169          2      15      55    Mp      Mp1       60      2.332
176153169          2      16      56    HMp     H2Mp1     65      5.356
176153169          2      17      57    L       L2        15      2.997
176153169          2      18      58    HH      H1H2      75      3.752
176153169          2      19      59    LL      L2L1      10      3.647
176153169          2      20      60    H       H1        65      2.249
176153169          2      21      61    H       H2        70      6.304
176153169          2      22      62    Mm      Mm1       30      4.243
176153169          2      23      63    MmMm    Mm1Mm2    25      3.460
176153169          2      24      64    Mp      Mp1       55      3.087
176153169          2      25      65    L       L1        15      6.688
176153169          2      26      66    MpMp    Mp1Mp2    65      2.398
176153169          2      27      67    HMp     H2Mp2     70      2.098
176153169          2      28      68    MmMm    Mm2Mm1    25      2.663
176153169          2      29      69    MmL     Mm2L1     15      3.154
176153169          2      30      70    HH      H2H1      75      2.486
176153169          2      31      71    Mm      Mm1       25      3.774
176153169          2      32      72    MpMp    Mp2Mp1    70      4.661
176153169          2      33      73    H       H2        75      2.296
176153169          2      34      74    MmMm    Mm2Mm1    30      6.540
176153169          2      35      75    HMp     H1Mp2     60      3.007
176153169          2      36      76    Mm      Mm2       35      4.401
176153169          2      37      77    MmL     Mm1L2     15      2.845
176153169          2      38      78    LL      L1L2      10      1.950
176153169          2      39      79    L       L2        10      2.771
176153169          2      40      80    MmL     Mm2L2     10      3.480