178094173          1       1       1    MpMp    Mp2Mp1    40     17.250
178094173          1       2       2    LL      L1L2      20      5.078
178094173          1       3       3    Mp      Mp2       50     10.312
178094173          1       4       4    MpMp    Mp1Mp2    40      6.266
178094173          1       5       5    MmMm    Mm1Mm2    40      7.437
178094173          1       6       6    L       L2        10      7.860
178094173          1       7       7    MmMm    Mm1Mm2    20      7.328
178094173          1       8       8    LL      L2L1      10      4.453
178094173          1       9       9    MmL     Mm2L1     20      9.000
178094173          1      10      10    MmMm    Mm2Mm1    20      3.610
178094173          1      11      11    H       H1        80      3.656
178094173          1      12      12    LL      L1L2      40     10.282
178094173          1      13      13    MpMp    Mp2Mp1    40      2.937
178094173          1      14      14    L       L2        10      2.500
178094173          1      15      15    HH      H1H2      90      3.000
178094173          1      16      16    HMp     H2Mp2     90      3.343
178094173          1      17      17    Mm      Mm1       40      8.563
178094173          1      18      18    HMp     H1Mp1     70      7.796
178094173          1      19      19    Mp      Mp2       80      3.297
178094173          1      20      20    HMp     H2Mp1     70      4.172
178094173          1      21      21    H       H2        90      2.407
178094173          1      22      22    MmL     Mm1L2     20      4.203
178094173          1      23      23    MmMm    Mm2Mm1    30      3.000
178094173          1      24      24    H       H2        90      2.047
178094173          1      25      25    Mm      Mm2       40      5.015
178094173          1      26      26    MmL     Mm2L2     20      3.625
178094173          1      27      27    L       L1        20      2.391
178094173          1      28      28    LL      L2L1      20      4.625
178094173          1      29      29    Mp      Mp1       20      2.125
178094173          1      30      30    Mm      Mm2       20      2.360
178094173          1      31      31    MpMp    Mp1Mp2    40      7.734
178094173          1      32      32    Mm      Mm1       30      2.031
178094173          1      33      33    MmL     Mm1L1     20      5.078
178094173          1      34      34    Mp      Mp1       10      6.047
178094173          1      35      35    HH      H2H1      90      2.500
178094173          1      36      36    HH      H2H1      90      2.218
178094173          1      37      37    L       L1        20      2.188
178094173          1      38      38    HMp     H1Mp2     80      5.797
178094173          1      39      39    HH      H1H2      90      2.312
178094173          1      40      40    H       H1        90      2.468
178094173          2       1      41    H       H1        90      2.469
178094173          2       2      42    L       L2        10      2.703
178094173          2       3      43    Mm      Mm1       30      3.453
178094173          2       4      44    Mm      Mm2       30      2.125
178094173          2       5      45    MmMm    Mm2Mm1    30      2.344
178094173          2       6      46    L       L1        20      3.812
178094173          2       7      47    Mm      Mm1       30      2.110
178094173          2       8      48    LL      L2L1      20      2.359
178094173          2       9      49    LL      L1L2      20      2.594
178094173          2      10      50    MmMm    Mm1Mm2    30      6.047
178094173          2      11      51    HMp     H2Mp1     60      3.563
178094173          2      12      52    HH      H1H2      90      2.609
178094173          2      13      53    H       H2        90      1.953
178094173          2      14      54    Mp      Mp2       60      6.047
178094173          2      15      55    MmL     Mm1L2     20      2.985
178094173          2      16      56    MpMp    Mp1Mp2    60      8.485
178094173          2      17      57    Mp      Mp1       20      4.828
178094173          2      18      58    LL      L2L1      20      2.344
178094173          2      19      59    L       L1        20      1.563
178094173          2      20      60    MmL     Mm1L1     30      2.515
178094173          2      21      61    HMp     H1Mp2     80      4.453
178094173          2      22      62    HH      H2H1      90      4.625
178094173          2      23      63    MmL     Mm2L2     20      3.297
178094173          2      24      64    MpMp    Mp2Mp1    60      5.234
178094173          2      25      65    MmMm    Mm2Mm1    30      2.562
178094173          2      26      66    H       H2        90      1.844
178094173          2      27      67    Mm      Mm2       30      2.859
178094173          2      28      68    MmL     Mm2L1     20      3.016
178094173          2      29      69    L       L2        10      1.828
178094173          2      30      70    HMp     H2Mp2     80      2.625
178094173          2      31      71    Mp      Mp2       60      3.843
178094173          2      32      72    LL      L1L2      10      2.875
178094173          2      33      73    MmMm    Mm1Mm2    30      3.063
178094173          2      34      74    MpMp    Mp1Mp2    60      3.015
178094173          2      35      75    Mp      Mp1       20      4.500
178094173          2      36      76    H       H1        70      3.047
178094173          2      37      77    HMp     H1Mp1     60      3.579
178094173          2      38      78    HH      H1H2      90      2.609
178094173          2      39      79    HH      H2H1      90      2.579
178094173          2      40      80    MpMp    Mp2Mp1    60      3.110
