202985769          1       1       1    MpMp    Mp2Mp1    80      9.562
202985769          1       2       2    LL      L1L2       1      7.326
202985769          1       3       3    Mp      Mp2       50      4.842
202985769          1       4       4    MpMp    Mp1Mp2    85      6.366
202985769          1       5       5    MmMm    Mm1Mm2    80      5.712
202985769          1       6       6    L       L2         1      2.894
202985769          1       7       7    MmMm    Mm1Mm2    50      9.204
202985769          1       8       8    LL      L2L1       1      3.242
202985769          1       9       9    MmL     Mm2L1     10      5.176
202985769          1      10      10    MmMm    Mm2Mm1    50      3.441
202985769          1      11      11    H       H1        60      3.983
202985769          1      12      12    LL      L1L2       1      2.073
202985769          1      13      13    MpMp    Mp2Mp1    80      3.365
202985769          1      14      14    L       L2         1      1.933
202985769          1      15      15    HH      H1H2      85      5.451
202985769          1      16      16    HMp     H2Mp2     90      4.034
202985769          1      17      17    Mm      Mm1       40      3.146
202985769          1      18      18    HMp     H1Mp1     65      4.215
202985769          1      19      19    Mp      Mp2       60      4.069
202985769          1      20      20    HMp     H2Mp1     75      4.550
202985769          1      21      21    H       H2        80      3.080
202985769          1      22      22    MmL     Mm1L2      1      4.169
202985769          1      23      23    MmMm    Mm2Mm1    75      4.407
202985769          1      24      24    H       H2        80      2.629
202985769          1      25      25    Mm      Mm2       40      3.291
202985769          1      26      26    MmL     Mm2L2      1      4.044
202985769          1      27      27    L       L1         5      4.729
202985769          1      28      28    LL      L2L1       1      1.629
202985769          1      29      29    Mp      Mp1       70      5.064
202985769          1      30      30    Mm      Mm2       20      4.457
202985769          1      31      31    MpMp    Mp1Mp2    85      6.952
202985769          1      32      32    Mm      Mm1       30      4.891
202985769          1      33      33    MmL     Mm1L1     20      2.490
202985769          1      34      34    Mp      Mp1       60      3.170
202985769          1      35      35    HH      H2H1      85      2.817
202985769          1      36      36    HH      H2H1      85      3.228
202985769          1      37      37    L       L1        10      2.294
202985769          1      38      38    HMp     H1Mp2     90      3.255
202985769          1      39      39    HH      H1H2      95      2.375
202985769          1      40      40    H       H1        85      2.436
202985769          2       1      41    H       H1        85      2.033
202985769          2       2      42    L       L2         1      1.741
202985769          2       3      43    Mm      Mm1       40      2.630
202985769          2       4      44    Mm      Mm2       35      4.526
202985769          2       5      45    MmMm    Mm2Mm1    30      4.331
202985769          2       6      46    L       L1        10      2.742
202985769          2       7      47    Mm      Mm1       30      2.940
202985769          2       8      48    LL      L2L1       1      1.910
202985769          2       9      49    LL      L1L2       1      1.635
202985769          2      10      50    MmMm    Mm1Mm2    30      2.470
202985769          2      11      51    HMp     H2Mp1     80      3.675
202985769          2      12      52    HH      H1H2      95      3.874
202985769          2      13      53    H       H2        85      2.467
202985769          2      14      54    Mp      Mp2       70      5.166
202985769          2      15      55    MmL     Mm1L2     10      4.200
202985769          2      16      56    MpMp    Mp1Mp2    80      3.449
202985769          2      17      57    Mp      Mp1       65      2.635
202985769          2      18      58    LL      L2L1       1      1.933
202985769          2      19      59    L       L1        15      2.712
202985769          2      20      60    MmL     Mm1L1     10      3.301
202985769          2      21      61    HMp     H1Mp2     90      3.868
202985769          2      22      62    HH      H2H1      95      2.751
202985769          2      23      63    MmL     Mm2L2      5      6.385
202985769          2      24      64    MpMp    Mp2Mp1    85      4.580
202985769          2      25      65    MmMm    Mm2Mm1    30      3.255
202985769          2      26      66    H       H2        80      3.089
202985769          2      27      67    Mm      Mm2       20      2.940
202985769          2      28      68    MmL     Mm2L1     10      2.845
202985769          2      29      69    L       L2         1      1.638
202985769          2      30      70    HMp     H2Mp2     85      3.735
202985769          2      31      71    Mp      Mp2       80      2.566
202985769          2      32      72    LL      L1L2       1      2.287
202985769          2      33      73    MmMm    Mm1Mm2    20      2.579
202985769          2      34      74    MpMp    Mp1Mp2    85      4.514
202985769          2      35      75    Mp      Mp1       80      2.480
202985769          2      36      76    H       H1        90      6.563
202985769          2      37      77    HMp     H1Mp1     95      2.326
202985769          2      38      78    HH      H1H2      99      3.764
202985769          2      39      79    HH      H2H1      99      2.188
202985769          2      40      80    MpMp    Mp2Mp1    90      5.332
