445915018          1       1       1    MpMp    Mp2Mp1    80     57.407
445915018          1       2       2    LL      L1L2       0     23.547
445915018          1       3       3    Mp      Mp2       80      9.750
445915018          1       4       4    MpMp    Mp1Mp2    80      8.000
445915018          1       5       5    MmMm    Mm1Mm2     0      4.610
445915018          1       6       6    L       L2         0      3.610
445915018          1       7       7    MmMm    Mm1Mm2     0      5.656
445915018          1       8       8    LL      L2L1       0     17.625
445915018          1       9       9    MmL     Mm2L1     20      4.313
445915018          1      10      10    MmMm    Mm2Mm1    20      4.906
445915018          1      11      11    H       H1        70      6.813
445915018          1      12      12    LL      L1L2       0      3.516
445915018          1      13      13    MpMp    Mp2Mp1    80     20.313
445915018          1      14      14    L       L2         0      4.000
445915018          1      15      15    HH      H1H2      70      4.750
445915018          1      16      16    HMp     H2Mp2     90      7.656
445915018          1      17      17    Mm      Mm1       50      5.110
445915018          1      18      18    HMp     H1Mp1     80      3.390
445915018          1      19      19    Mp      Mp2       70      6.172
445915018          1      20      20    HMp     H2Mp1     70      9.250
445915018          1      21      21    H       H2        80      3.532
445915018          1      22      22    MmL     Mm1L2     10      5.421
445915018          1      23      23    MmMm    Mm2Mm1    20      5.547
445915018          1      24      24    H       H2        80      2.640
445915018          1      25      25    Mm      Mm2       20      3.281
445915018          1      26      26    MmL     Mm2L2     10      2.735
445915018          1      27      27    L       L1        80      3.125
445915018          1      28      28    LL      L2L1      30      3.454
445915018          1      29      29    Mp      Mp1       80      5.234
445915018          1      30      30    Mm      Mm2       20      3.609
445915018          1      31      31    MpMp    Mp1Mp2    90      3.484
445915018          1      32      32    Mm      Mm1       20      3.891
445915018          1      33      33    MmL     Mm1L1     40      4.046
445915018          1      34      34    Mp      Mp1       80      2.250
445915018          1      35      35    HH      H2H1      90      2.094
445915018          1      36      36    HH      H2H1      90      2.469
445915018          1      37      37    L       L1        10     18.468
445915018          1      38      38    HMp     H1Mp2     90      2.812
445915018          1      39      39    HH      H1H2     100      3.188
445915018          1      40      40    H       H1        90      2.281
445915018          2       1      41    H       H1        90      2.390
445915018          2       2      42    L       L2         0      2.563
445915018          2       3      43    Mm      Mm1       10      1.969
445915018          2       4      44    Mm      Mm2       20      2.468
445915018          2       5      45    MmMm    Mm2Mm1    20      2.922
445915018          2       6      46    L       L1         0      2.578
445915018          2       7      47    Mm      Mm1       20      2.141
445915018          2       8      48    LL      L2L1       0      3.046
445915018          2       9      49    LL      L1L2       0      1.828
445915018          2      10      50    MmMm    Mm1Mm2    20      2.860
445915018          2      11      51    HMp     H2Mp1     90      3.094
445915018          2      12      52    HH      H1H2     100      2.844
445915018          2      13      53    H       H2        90      3.265
445915018          2      14      54    Mp      Mp2       80      2.360
445915018          2      15      55    MmL     Mm1L2     10      3.578
445915018          2      16      56    MpMp    Mp1Mp2    90      4.000
445915018          2      17      57    Mp      Mp1       80      1.922
445915018          2      18      58    LL      L2L1       0      2.531
445915018          2      19      59    L       L1         0      1.766
445915018          2      20      60    MmL     Mm1L1     10      3.031
445915018          2      21      61    HMp     H1Mp2     90      6.890
445915018          2      22      62    HH      H2H1     100      2.641
445915018          2      23      63    MmL     Mm2L2     20      6.844
445915018          2      24      64    MpMp    Mp2Mp1    80     13.297
445915018          2      25      65    MmMm    Mm2Mm1    30      2.703
445915018          2      26      66    H       H2       100      2.734
445915018          2      27      67    Mm      Mm2       30      4.672
445915018          2      28      68    MmL     Mm2L1     10      9.703
445915018          2      29      69    L       L2         0      1.937
445915018          2      30      70    HMp     H2Mp2     80      2.875
445915018          2      31      71    Mp      Mp2       90      2.547
445915018          2      32      72    LL      L1L2       0      2.547
445915018          2      33      73    MmMm    Mm1Mm2    30      5.859
445915018          2      34      74    MpMp    Mp1Mp2    80      3.594
445915018          2      35      75    Mp      Mp1       80      2.187
445915018          2      36      76    H       H1        80      3.844
445915018          2      37      77    HMp     H1Mp1     90      2.375
445915018          2      38      78    HH      H1H2     100      2.719
445915018          2      39      79    HH      H2H1     100      2.141
445915018          2      40      80    MpMp    Mp2Mp1    80      2.672
