571590478          1       1       1    Mp      Mp1       75      5.398
571590478          1       2       2    LL      L2L1       5      6.289
571590478          1       3       3    MmMm    Mm1Mm2    15      4.076
571590478          1       4       4    Mp      Mp1       75      3.975
571590478          1       5       5    MmL     Mm2L2      4      4.787
571590478          1       6       6    L       L1        10      3.955
571590478          1       7       7    MmMm    Mm2Mm1    12      6.970
571590478          1       8       8    MpMp    Mp2Mp1    80     10.826
571590478          1       9       9    HMp     H1Mp2     68     11.526
571590478          1      10      10    L       L1         4      3.805
571590478          1      11      11    HH      H1H2      70      3.445
571590478          1      12      12    HH      H1H2      70      2.684
571590478          1      13      13    MmL     Mm2L1      6      5.418
571590478          1      14      14    HH      H2H1      68      4.176
571590478          1      15      15    H       H2        75      3.946
571590478          1      16      16    MpMp    Mp1Mp2    80      7.260
571590478          1      17      17    MpMp    Mp2Mp1    85      2.894
571590478          1      18      18    Mm      Mm2       15      4.347
571590478          1      19      19    MmL     Mm1L2      3      6.158
571590478          1      20      20    L       L2         3     10.184
571590478          1      21      21    MmMm    Mm2Mm1    15      3.255
571590478          1      22      22    Mm      Mm1       20      4.146
571590478          1      23      23    Mp      Mp2       70      4.857
571590478          1      24      24    H       H2        80      2.664
571590478          1      25      25    MmMm    Mm1Mm2    10     10.635
571590478          1      26      26    L       L2         5      2.394
571590478          1      27      27    HH      H2H1      80      2.513
571590478          1      28      28    MpMp    Mp1Mp2    85      2.103
571590478          1      29      29    Mm      Mm1       20      2.164
571590478          1      30      30    HMp     H2Mp2     85      3.595
571590478          1      31      31    LL      L2L1       2      3.595
571590478          1      32      32    H       H1        65      3.545
571590478          1      33      33    MmL     Mm1L1     12     13.970
571590478          1      34      34    Mp      Mp2       65      4.236
571590478          1      35      35    LL      L1L2       5      4.256
571590478          1      36      36    LL      L1L2       5      2.393
571590478          1      37      37    H       H1        65      2.504
571590478          1      38      38    HMp     H2Mp1     85      7.300
571590478          1      39      39    HMp     H1Mp1     75      2.974
571590478          1      40      40    Mm      Mm2       15      2.374
571590478          2       1      41    Mm      Mm2       15      1.843
571590478          2       2      42    Mp      Mp2       70      5.057
571590478          2       3      43    MmL     Mm1L1      5      3.065
571590478          2       4      44    Mp      Mp1       75      2.904
571590478          2       5      45    L       L1        10      5.478
571590478          2       6      46    HH      H1H2      70      3.895
571590478          2       7      47    MmMm    Mm1Mm2    12      5.028
571590478          2       8      48    H       H1        65      2.603
571590478          2       9      49    Mp      Mp1       75      2.284
571590478          2      10      50    MpMp    Mp1Mp2    85      2.193
571590478          2      11      51    LL      L2L1       2      8.322
571590478          2      12      52    MmMm    Mm1Mm2     7      2.774
571590478          2      13      53    HMp     H2Mp1     75     23.233
571590478          2      14      54    Mm      Mm1       20      1.903
571590478          2      15      55    HMp     H1Mp2     80      5.618
571590478          2      16      56    HH      H1H2      75      4.156
571590478          2      17      57    H       H2        70      3.285
571590478          2      18      58    MpMp    Mp2Mp1    90      2.584
571590478          2      19      59    HH      H2H1      80     22.712
571590478          2      20      60    L       L2         5      2.584
571590478          2      21      61    HH      H2H1      75      2.684
571590478          2      22      62    HMp     H1Mp1     80      2.544
571590478          2      23      63    L       L2         5      2.123
571590478          2      24      64    Mm      Mm2       10      2.003
571590478          2      25      65    H       H1        70      2.584
571590478          2      26      66    LL      L1L2       2      2.103
571590478          2      27      67    MmL     Mm1L2      5      2.333
571590478          2      28      68    MmL     Mm2L2      3      4.697
571590478          2      29      69    MmMm    Mm2Mm1     8      2.864
571590478          2      30      70    H       H2        70      2.994
571590478          2      31      71    MpMp    Mp1Mp2    85      4.337
571590478          2      32      72    Mp      Mp2       75      2.353
571590478          2      33      73    L       L1         7      4.537
571590478          2      34      74    MmMm    Mm2Mm1    10      2.794
571590478          2      35      75    MmL     Mm2L1      7      2.844
571590478          2      36      76    HMp     H2Mp2     85      2.704
571590478          2      37      77    Mm      Mm1       20      2.143
571590478          2      38      78    LL      L2L1       2      1.913
571590478          2      39      79    LL      L1L2       2      2.103
571590478          2      40      80    MpMp    Mp2Mp1    85      2.073
