596783430          1       1       1    MpMp    Mp2Mp1    90     36.640
596783430          1       2       2    LL      L1L2      15     17.219
596783430          1       3       3    Mp      Mp2       60      3.797
596783430          1       4       4    MpMp    Mp1Mp2    75      5.640
596783430          1       5       5    MmMm    Mm1Mm2    40      4.656
596783430          1       6       6    L       L2         1      3.797
596783430          1       7       7    MmMm    Mm1Mm2    15      3.860
596783430          1       8       8    LL      L2L1       1      8.547
596783430          1       9       9    MmL     Mm2L1     10      4.422
596783430          1      10      10    MmMm    Mm2Mm1    30      3.516
596783430          1      11      11    H       H1        75      4.765
596783430          1      12      12    LL      L1L2       1     10.063
596783430          1      13      13    MpMp    Mp2Mp1    88     17.156
596783430          1      14      14    L       L2         1      2.594
596783430          1      15      15    HH      H1H2      98      9.469
596783430          1      16      16    HMp     H2Mp2     89      3.453
596783430          1      17      17    Mm      Mm1       40      3.078
596783430          1      18      18    HMp     H1Mp1     90     18.047
596783430          1      19      19    Mp      Mp2       80      2.250
596783430          1      20      20    HMp     H2Mp1     90      3.797
596783430          1      21      21    H       H2       100      2.625
596783430          1      22      22    MmL     Mm1L2      1      5.453
596783430          1      23      23    MmMm    Mm2Mm1    30      2.719
596783430          1      24      24    H       H2        90      2.469
596783430          1      25      25    Mm      Mm2       40      1.781
596783430          1      26      26    MmL     Mm2L2      1      1.984
596783430          1      27      27    L       L1        10      3.422
596783430          1      28      28    LL      L2L1       5      4.047
596783430          1      29      29    Mp      Mp1       80      3.203
596783430          1      30      30    Mm      Mm2       40      2.078
596783430          1      31      31    MpMp    Mp1Mp2    80      4.469
596783430          1      32      32    Mm      Mm1       45      3.265
596783430          1      33      33    MmL     Mm1L1     20      3.485
596783430          1      34      34    Mp      Mp1       80      2.437
596783430          1      35      35    HH      H2H1      98     23.844
596783430          1      36      36    HH      H2H1      99      2.828
596783430          1      37      37    L       L1        10      2.953
596783430          1      38      38    HMp     H1Mp2     89      3.328
596783430          1      39      39    HH      H1H2     100      3.969
596783430          1      40      40    H       H1        90      3.031
596783430          2       1      41    H       H1        90      1.094
596783430          2       2      42    L       L2        10      9.813
596783430          2       3      43    Mm      Mm1       35      2.343
596783430          2       4      44    Mm      Mm2       40      4.219
596783430          2       5      45    MmMm    Mm2Mm1    25      3.969
596783430          2       6      46    L       L1        10     16.844
596783430          2       7      47    Mm      Mm1       30      1.828
596783430          2       8      48    LL      L2L1       5      2.562
596783430          2       9      49    LL      L1L2       1      3.875
596783430          2      10      50    MmMm    Mm1Mm2    20      6.219
596783430          2      11      51    HMp     H2Mp1    100      3.625
596783430          2      12      52    HH      H1H2     100      1.734
596783430          2      13      53    H       H2        90      1.953
596783430          2      14      54    Mp      Mp2       80      2.297
596783430          2      15      55    MmL     Mm1L2     10      7.922
596783430          2      16      56    MpMp    Mp1Mp2    90      2.484
596783430          2      17      57    Mp      Mp1       80      2.078
596783430          2      18      58    LL      L2L1      10      2.078
596783430          2      19      59    L       L1        15      2.547
596783430          2      20      60    MmL     Mm1L1      1      3.109
596783430          2      21      61    HMp     H1Mp2    100      2.032
596783430          2      22      62    HH      H2H1     100      1.453
596783430          2      23      63    MmL     Mm2L2      5     21.734
596783430          2      24      64    MpMp    Mp2Mp1    99      6.640
596783430          2      25      65    MmMm    Mm2Mm1    20      3.641
596783430          2      26      66    H       H2        90      2.359
596783430          2      27      67    Mm      Mm2       40      3.485
596783430          2      28      68    MmL     Mm2L1     10      1.484
596783430          2      29      69    L       L2        10      2.406
596783430          2      30      70    HMp     H2Mp2    100      8.344
596783430          2      31      71    Mp      Mp2       80      3.922
596783430          2      32      72    LL      L1L2       5      2.593
596783430          2      33      73    MmMm    Mm1Mm2    30      3.454
596783430          2      34      74    MpMp    Mp1Mp2    90      3.375
596783430          2      35      75    Mp      Mp1       80      1.609
596783430          2      36      76    H       H1        80      2.687
596783430          2      37      77    HMp     H1Mp1     90      1.766
596783430          2      38      78    HH      H1H2     100      2.109
596783430          2      39      79    HH      H2H1     100      1.907
596783430          2      40      80    MpMp    Mp2Mp1    90      3.656
