597544399          1       1       1    MpMp    Mp2Mp1    46      7.591
597544399          1       2       2    LL      L1L2       1      4.837
597544399          1       3       3    Mp      Mp2       72      4.847
597544399          1       4       4    MpMp    Mp1Mp2    46      3.885
597544399          1       5       5    MmMm    Mm1Mm2    32      3.385
597544399          1       6       6    L       L2         1      2.273
597544399          1       7       7    MmMm    Mm1Mm2    26      8.993
597544399          1       8       8    LL      L2L1       1      2.223
597544399          1       9       9    MmL     Mm2L1     20      5.198
597544399          1      10      10    MmMm    Mm2Mm1    16      3.454
597544399          1      11      11    H       H1        89      6.029
597544399          1      12      12    LL      L1L2       1      1.682
597544399          1      13      13    MpMp    Mp2Mp1    30      3.976
597544399          1      14      14    L       L2         1      1.382
597544399          1      15      15    HH      H1H2      98      4.206
597544399          1      16      16    HMp     H2Mp2     82      6.029
597544399          1      17      17    Mm      Mm1       60      5.608
597544399          1      18      18    HMp     H1Mp1     76      3.885
597544399          1      19      19    Mp      Mp2       67      4.416
597544399          1      20      20    HMp     H2Mp1     80      2.634
597544399          1      21      21    H       H2       100      2.223
597544399          1      22      22    MmL     Mm1L2     12      3.055
597544399          1      23      23    MmMm    Mm2Mm1    23     10.244
597544399          1      24      24    H       H2        99      1.672
597544399          1      25      25    Mm      Mm2       84      3.736
597544399          1      26      26    MmL     Mm2L2     37      9.063
597544399          1      27      27    L       L1        36      3.384
597544399          1      28      28    LL      L2L1       1      1.523
597544399          1      29      29    Mp      Mp1       60      3.505
597544399          1      30      30    Mm      Mm2       80      2.503
597544399          1      31      31    MpMp    Mp1Mp2    74      2.594
597544399          1      32      32    Mm      Mm1       60      1.732
597544399          1      33      33    MmL     Mm1L1     45      3.826
597544399          1      34      34    Mp      Mp1       70      2.353
597544399          1      35      35    HH      H2H1     100      2.634
597544399          1      36      36    HH      H2H1     100      4.656
597544399          1      37      37    L       L1        12      3.475
597544399          1      38      38    HMp     H1Mp2     86      2.614
597544399          1      39      39    HH      H1H2      99      1.913
597544399          1      40      40    H       H1        95      2.173
597544399          2       1      41    H       H1        95      2.563
597544399          2       2      42    L       L2         1      3.275
597544399          2       3      43    Mm      Mm1       65      2.333
597544399          2       4      44    Mm      Mm2       84      2.043
597544399          2       5      45    MmMm    Mm2Mm1    45      8.813
597544399          2       6      46    L       L1        29      3.855
597544399          2       7      47    Mm      Mm1       70      2.744
597544399          2       8      48    LL      L2L1       1      1.943
597544399          2       9      49    LL      L1L2       1      1.522
597544399          2      10      50    MmMm    Mm1Mm2    26      2.133
597544399          2      11      51    HMp     H2Mp1     78      2.003
597544399          2      12      52    HH      H1H2      99      5.448
597544399          2      13      53    H       H2       100      1.913
597544399          2      14      54    Mp      Mp2       86      2.403
597544399          2      15      55    MmL     Mm1L2      3      2.684
597544399          2      16      56    MpMp    Mp1Mp2    78      2.013
597544399          2      17      57    Mp      Mp1       67      2.814
597544399          2      18      58    LL      L2L1       1      1.342
597544399          2      19      59    L       L1        42      2.563
597544399          2      20      60    MmL     Mm1L1     30      2.714
597544399          2      21      61    HMp     H1Mp2     86      2.363
597544399          2      22      62    HH      H2H1      99      1.623
597544399          2      23      63    MmL     Mm2L2     20      2.543
597544399          2      24      64    MpMp    Mp2Mp1    79      3.535
597544399          2      25      65    MmMm    Mm2Mm1    43     25.787
597544399          2      26      66    H       H2       100      2.043
597544399          2      27      67    Mm      Mm2       89      2.804
597544399          2      28      68    MmL     Mm2L1     46      5.888
597544399          2      29      69    L       L2         2      1.592
597544399          2      30      70    HMp     H2Mp2     89      1.913
597544399          2      31      71    Mp      Mp2       85      6.439
597544399          2      32      72    LL      L1L2       1      1.492
597544399          2      33      73    MmMm    Mm1Mm2    46     19.268
597544399          2      34      74    MpMp    Mp1Mp2    78      1.552
597544399          2      35      75    Mp      Mp1       60      4.346
597544399          2      36      76    H       H1        99      2.183
597544399          2      37      77    HMp     H1Mp1     75      2.704
597544399          2      38      78    HH      H1H2     100      2.534
597544399          2      39      79    HH      H2H1     100      1.902
597544399          2      40      80    MpMp    Mp2Mp1    79      1.983
