791447442          1       1       1    MpMp    Mp2Mp1    50     27.790
791447442          1       2       2    LL      L1L2      10     14.390
791447442          1       3       3    Mp      Mp2       30     14.230
791447442          1       4       4    MpMp    Mp1Mp2    40     26.910
791447442          1       5       5    MmMm    Mm1Mm2    25      5.500
791447442          1       6       6    L       L2        10      5.540
791447442          1       7       7    MmMm    Mm1Mm2    10      8.680
791447442          1       8       8    LL      L2L1       1      2.300
791447442          1       9       9    MmL     Mm2L1     30      4.120
791447442          1      10      10    MmMm    Mm2Mm1    35      8.130
791447442          1      11      11    H       H1        60      9.220
791447442          1      12      12    LL      L1L2      22      6.540
791447442          1      13      13    MpMp    Mp2Mp1    60      9.830
791447442          1      14      14    L       L2        15      7.360
791447442          1      15      15    HH      H1H2      75      5.540
791447442          1      16      16    HMp     H2Mp2     80      5.930
791447442          1      17      17    Mm      Mm1       40      3.300
791447442          1      18      18    HMp     H1Mp1     50      5.540
791447442          1      19      19    Mp      Mp2       66      3.360
791447442          1      20      20    HMp     H2Mp1     78      5.980
791447442          1      21      21    H       H2        80      6.260
791447442          1      22      22    MmL     Mm1L2     28      5.550
791447442          1      23      23    MmMm    Mm2Mm1    15      4.010
791447442          1      24      24    H       H2        80      3.350
791447442          1      25      25    Mm      Mm2       40      3.680
791447442          1      26      26    MmL     Mm2L2     10      4.940
791447442          1      27      27    L       L1         1      1.920
791447442          1      28      28    LL      L2L1       1      3.020
791447442          1      29      29    Mp      Mp1       30      3.900
791447442          1      30      30    Mm      Mm2       33      4.060
791447442          1      31      31    MpMp    Mp1Mp2    40      3.410
791447442          1      32      32    Mm      Mm1       30      4.290
791447442          1      33      33    MmL     Mm1L1     20      6.260
791447442          1      34      34    Mp      Mp1       50      3.130
791447442          1      35      35    HH      H2H1      80      4.010
791447442          1      36      36    HH      H2H1      90      9.290
791447442          1      37      37    L       L1        26      4.660
791447442          1      38      38    HMp     H1Mp2     79      6.210
791447442          1      39      39    HH      H1H2      88     29.330
791447442          1      40      40    H       H1        60     25.760
791447442          2       1      41    H       H1        60      3.240
791447442          2       2      42    L       L2        20      5.000
791447442          2       3      43    Mm      Mm1       30      4.510
791447442          2       4      44    Mm      Mm2       30      3.680
791447442          2       5      45    MmMm    Mm2Mm1    10      4.180
791447442          2       6      46    L       L1        15      4.230
791447442          2       7      47    Mm      Mm1       40      4.290
791447442          2       8      48    LL      L2L1      20      2.850
791447442          2       9      49    LL      L1L2      20      2.750
791447442          2      10      50    MmMm    Mm1Mm2    35      2.740
791447442          2      11      51    HMp     H2Mp1     50      3.950
791447442          2      12      52    HH      H1H2      79      2.970
791447442          2      13      53    H       H2        80      3.900
791447442          2      14      54    Mp      Mp2       60      3.730
791447442          2      15      55    MmL     Mm1L2     30      7.090
791447442          2      16      56    MpMp    Mp1Mp2    50      2.590
791447442          2      17      57    Mp      Mp1       30      2.910
791447442          2      18      58    LL      L2L1      20      4.830
791447442          2      19      59    L       L1        10      2.530
791447442          2      20      60    MmL     Mm1L1     33      5.330
791447442          2      21      61    HMp     H1Mp2     77      4.280
791447442          2      22      62    HH      H2H1      89      5.940
791447442          2      23      63    MmL     Mm2L2     12      3.950
791447442          2      24      64    MpMp    Mp2Mp1    40      3.460
791447442          2      25      65    MmMm    Mm2Mm1    30      3.900
791447442          2      26      66    H       H2        80      4.010
791447442          2      27      67    Mm      Mm2       50      4.330
791447442          2      28      68    MmL     Mm2L1     30      4.840
791447442          2      29      69    L       L2        15      4.830
791447442          2      30      70    HMp     H2Mp2     87      5.110
791447442          2      31      71    Mp      Mp2       60      2.750
791447442          2      32      72    LL      L1L2      33      4.720
791447442          2      33      73    MmMm    Mm1Mm2    28      2.750
791447442          2      34      74    MpMp    Mp1Mp2    50      2.740
791447442          2      35      75    Mp      Mp1       60      4.290
791447442          2      36      76    H       H1        70      3.350
791447442          2      37      77    HMp     H1Mp1     80      4.830
791447442          2      38      78    HH      H1H2      90      2.200
791447442          2      39      79    HH      H2H1      90      2.520
791447442          2      40      80    MpMp    Mp2Mp1    77      3.960
