878844459          1       1       1    H       H1        70     12.375
878844459          1       2       2    L       L2         1      3.110
878844459          1       3       3    Mm      Mm1       20      3.094
878844459          1       4       4    Mm      Mm2       30      2.547
878844459          1       5       5    MmMm    Mm2Mm1    15      9.563
878844459          1       6       6    L       L1         1      2.766
878844459          1       7       7    Mm      Mm1       30     11.563
878844459          1       8       8    LL      L2L1       1      5.813
878844459          1       9       9    LL      L1L2       1      2.016
878844459          1      10      10    MmMm    Mm1Mm2    20      4.515
878844459          1      11      11    HMp     H2Mp1     80      7.734
878844459          1      12      12    HH      H1H2      90      5.859
878844459          1      13      13    H       H2        80      7.062
878844459          1      14      14    Mp      Mp2       60      5.703
878844459          1      15      15    MmL     Mm1L2      1      5.500
878844459          1      16      16    MpMp    Mp1Mp2    60      8.687
878844459          1      17      17    Mp      Mp1       60     10.422
878844459          1      18      18    LL      L2L1       1      9.219
878844459          1      19      19    L       L1         1      2.437
878844459          1      20      20    MmL     Mm1L1      1     10.953
878844459          1      21      21    HMp     H1Mp2     70     17.641
878844459          1      22      22    HH      H2H1      90      4.156
878844459          1      23      23    MmL     Mm2L2      1      7.781
878844459          1      24      24    MpMp    Mp2Mp1    60     20.593
878844459          1      25      25    MmMm    Mm2Mm1    30      8.281
878844459          1      26      26    H       H2        80      3.922
878844459          1      27      27    Mm      Mm2       40      4.813
878844459          1      28      28    MmL     Mm2L1      1      3.203
878844459          1      29      29    L       L2         1      1.391
878844459          1      30      30    HMp     H2Mp2     75     17.172
878844459          1      31      31    Mp      Mp2       55      8.985
878844459          1      32      32    LL      L1L2       1      4.485
878844459          1      33      33    MmMm    Mm1Mm2    30     30.094
878844459          1      34      34    MpMp    Mp1Mp2    60     27.609
878844459          1      35      35    Mp      Mp1       60      8.594
878844459          1      36      36    H       H1        80      2.594
878844459          1      37      37    HMp     H1Mp1     75      7.531
878844459          1      38      38    HH      H1H2      95     10.125
878844459          1      39      39    HH      H2H1      95      3.594
878844459          1      40      40    MpMp    Mp2Mp1    55     15.453
878844459          2       1      41    Mm      Mm2       40      4.860
878844459          2       2      42    MmL     Mm2L2     10      7.344
878844459          2       3      43    MmL     Mm1L2      5      3.890
878844459          2       4      44    HH      H1H2      95      5.562
878844459          2       5      45    Mm      Mm2       50      4.297
878844459          2       6      46    Mp      Mp1       60      2.500
878844459          2       7      47    L       L1         5      8.437
878844459          2       8      48    LL      L1L2       1      1.640
878844459          2       9      49    MmMm    Mm2Mm1    45     18.062
878844459          2      10      50    Mp      Mp2       60      2.391
878844459          2      11      51    Mp      Mp2       60      1.625
878844459          2      12      52    HH      H1H2      95      3.500
878844459          2      13      53    L       L2         1      3.782
878844459          2      14      54    MpMp    Mp2Mp1    50      6.203
878844459          2      15      55    LL      L2L1       1      2.156
878844459          2      16      56    MpMp    Mp2Mp1    50      2.765
878844459          2      17      57    MmMm    Mm1Mm2    40     19.265
878844459          2      18      58    HMp     H2Mp1     65     13.968
878844459          2      19      59    HH      H2H1      95      6.453
878844459          2      20      60    MpMp    Mp1Mp2    50     17.156
878844459          2      21      61    H       H2        80      5.329
878844459          2      22      62    LL      L1L2       1      7.563
878844459          2      23      63    HMp     H2Mp2     65     21.437
878844459          2      24      64    MmMm    Mm1Mm2    30      8.641
878844459          2      25      65    MpMp    Mp1Mp2    55      9.688
878844459          2      26      66    MmL     Mm2L1     10      4.063
878844459          2      27      67    LL      L2L1       1      1.766
878844459          2      28      68    L       L2         1      1.547
878844459          2      29      69    HMp     H1Mp2     65     29.531
878844459          2      30      70    Mm      Mm1       40      2.797
878844459          2      31      71    MmMm    Mm2Mm1    30      2.672
878844459          2      32      72    HMp     H1Mp1     65      8.953
878844459          2      33      73    MmL     Mm1L1     10      7.562
878844459          2      34      74    H       H1        75      5.078
878844459          2      35      75    Mm      Mm1       40      5.047
878844459          2      36      76    H       H2        80      5.203
878844459          2      37      77    L       L1         5      3.375
878844459          2      38      78    H       H1        75      6.469
878844459          2      39      79    Mp      Mp1       60      4.750
878844459          2      40      80    HH      H2H1      95      6.375
