892696145          1       1       1    MpMp    Mp2Mp1    85      4.047
892696145          1       2       2    LL      L1L2       1      2.093
892696145          1       3       3    Mp      Mp2       80      2.109
892696145          1       4       4    MpMp    Mp1Mp2    85      2.016
892696145          1       5       5    MmMm    Mm1Mm2    10      2.000
892696145          1       6       6    L       L2         1      1.797
892696145          1       7       7    MmMm    Mm1Mm2     5      3.563
892696145          1       8       8    LL      L2L1       1      2.078
892696145          1       9       9    MmL     Mm2L1      1      3.484
892696145          1      10      10    MmMm    Mm2Mm1    10      3.344
892696145          1      11      11    H       H1        70      4.344
892696145          1      12      12    LL      L1L2       1      1.672
892696145          1      13      13    MpMp    Mp2Mp1    85      2.000
892696145          1      14      14    L       L2         1      1.578
892696145          1      15      15    HH      H1H2      85      2.171
892696145          1      16      16    HMp     H2Mp2     85      1.906
892696145          1      17      17    Mm      Mm1        5      3.203
892696145          1      18      18    HMp     H1Mp1     85      2.375
892696145          1      19      19    Mp      Mp2       80      2.422
892696145          1      20      20    HMp     H2Mp1     85      2.000
892696145          1      21      21    H       H2        80      2.469
892696145          1      22      22    MmL     Mm1L2      1      3.437
892696145          1      23      23    MmMm    Mm2Mm1     5      5.781
892696145          1      24      24    H       H2        80      1.938
892696145          1      25      25    Mm      Mm2       10      2.235
892696145          1      26      26    MmL     Mm2L2      1      1.563
892696145          1      27      27    L       L1         1      1.454
892696145          1      28      28    LL      L2L1       1      1.531
892696145          1      29      29    Mp      Mp1       85     29.812
892696145          1      30      30    Mm      Mm2       10      2.531
892696145          1      31      31    MpMp    Mp1Mp2    85      1.844
892696145          1      32      32    Mm      Mm1       10      2.359
892696145          1      33      33    MmL     Mm1L1      1      1.359
892696145          1      34      34    Mp      Mp1       85      2.250
892696145          1      35      35    HH      H2H1      80      2.047
892696145          1      36      36    HH      H2H1      80      1.984
892696145          1      37      37    L       L1         1      1.766
892696145          1      38      38    HMp     H1Mp2     85      1.890
892696145          1      39      39    HH      H1H2      85      2.531
892696145          1      40      40    H       H1        80      1.609
892696145          2       1      41    H       H1        80      1.468
892696145          2       2      42    L       L2         1      2.078
892696145          2       3      43    Mm      Mm1       10      2.046
892696145          2       4      44    Mm      Mm2       10      1.390
892696145          2       5      45    MmMm    Mm2Mm1     5      3.406
892696145          2       6      46    L       L1         1      1.406
892696145          2       7      47    Mm      Mm1       10      2.015
892696145          2       8      48    LL      L2L1       1      1.656
892696145          2       9      49    LL      L1L2       1      1.796
892696145          2      10      50    MmMm    Mm1Mm2    10      2.391
892696145          2      11      51    HMp     H2Mp1     80      2.469
892696145          2      12      52    HH      H1H2      80      5.937
892696145          2      13      53    H       H2        80      2.593
892696145          2      14      54    Mp      Mp2       85      1.859
892696145          2      15      55    MmL     Mm1L2      1      2.125
892696145          2      16      56    MpMp    Mp1Mp2    90      3.874
892696145          2      17      57    Mp      Mp1       85      1.797
892696145          2      18      58    LL      L2L1       1      1.890
892696145          2      19      59    L       L1         1      1.218
892696145          2      20      60    MmL     Mm1L1      1      1.594
892696145          2      21      61    HMp     H1Mp2     85      2.047
892696145          2      22      62    HH      H2H1      85      2.250
892696145          2      23      63    MmL     Mm2L2      5      2.485
892696145          2      24      64    MpMp    Mp2Mp1    90      2.000
892696145          2      25      65    MmMm    Mm2Mm1     5      2.297
892696145          2      26      66    H       H2        80      1.985
892696145          2      27      67    Mm      Mm2       10      1.609
892696145          2      28      68    MmL     Mm2L1      1      1.421
892696145          2      29      69    L       L2         1      1.250
892696145          2      30      70    HMp     H2Mp2     85      2.000
892696145          2      31      71    Mp      Mp2       80      1.875
892696145          2      32      72    LL      L1L2       1      3.078
892696145          2      33      73    MmMm    Mm1Mm2    10      3.718
892696145          2      34      74    MpMp    Mp1Mp2    85      2.437
892696145          2      35      75    Mp      Mp1       80      1.781
892696145          2      36      76    H       H1        80      2.484
892696145          2      37      77    HMp     H1Mp1     90      4.953
892696145          2      38      78    HH      H1H2      85      2.578
892696145          2      39      79    HH      H2H1      85      2.313
892696145          2      40      80    MpMp    Mp2Mp1    90      2.281
