995193379          1       1       1    MpMp    Mp2Mp1    85     14.990
995193379          1       2       2    LL      L1L2       0     12.080
995193379          1       3       3    Mp      Mp2       50      8.570
995193379          1       4       4    MpMp    Mp1Mp2    85      4.450
995193379          1       5       5    MmMm    Mm1Mm2    50     10.550
995193379          1       6       6    L       L2         1      4.340
995193379          1       7       7    MmMm    Mm1Mm2    50      3.410
995193379          1       8       8    LL      L2L1       0      2.580
995193379          1       9       9    MmL     Mm2L1     20     11.150
995193379          1      10      10    MmMm    Mm2Mm1    60      7.580
995193379          1      11      11    H       H1        70      4.170
995193379          1      12      12    LL      L1L2       0      2.260
995193379          1      13      13    MpMp    Mp2Mp1    85      3.460
995193379          1      14      14    L       L2         2      6.480
995193379          1      15      15    HH      H1H2      90      9.610
995193379          1      16      16    HMp     H2Mp2     90      9.450
995193379          1      17      17    Mm      Mm1       50      7.030
995193379          1      18      18    HMp     H1Mp1     80      6.150
995193379          1      19      19    Mp      Mp2       50      4.170
995193379          1      20      20    HMp     H2Mp1     88      5.440
995193379          1      21      21    H       H2        80      3.180
995193379          1      22      22    MmL     Mm1L2      3      7.800
995193379          1      23      23    MmMm    Mm2Mm1    60      4.450
995193379          1      24      24    H       H2        80      2.910
995193379          1      25      25    Mm      Mm2       60      6.480
995193379          1      26      26    MmL     Mm2L2      4      4.500
995193379          1      27      27    L       L1        20      6.420
995193379          1      28      28    LL      L2L1       0      2.410
995193379          1      29      29    Mp      Mp1       60      6.210
995193379          1      30      30    Mm      Mm2       60      3.190
995193379          1      31      31    MpMp    Mp1Mp2    85      3.950
995193379          1      32      32    Mm      Mm1       50      2.530
995193379          1      33      33    MmL     Mm1L1     20      3.130
995193379          1      34      34    Mp      Mp1       60      4.230
995193379          1      35      35    HH      H2H1      89      4.230
995193379          1      36      36    HH      H2H1      89      3.410
995193379          1      37      37    L       L1        20      5.330
995193379          1      38      38    HMp     H1Mp2     80      3.680
995193379          1      39      39    HH      H1H2      90      4.890
995193379          1      40      40    H       H1        90      3.350
995193379          2       1      41    H       H1        85      3.620
995193379          2       2      42    L       L2         0      4.120
995193379          2       3      43    Mm      Mm1       50      2.580
995193379          2       4      44    Mm      Mm2       30     11.590
995193379          2       5      45    MmMm    Mm2Mm1    30      4.230
995193379          2       6      46    L       L1         2      2.140
995193379          2       7      47    Mm      Mm1       50      2.910
995193379          2       8      48    LL      L2L1       0      3.460
995193379          2       9      49    LL      L1L2       0      1.870
995193379          2      10      50    MmMm    Mm1Mm2    30      8.070
995193379          2      11      51    HMp     H2Mp1     80      3.460
995193379          2      12      52    HH      H1H2      90      2.530
995193379          2      13      53    H       H2        80      3.020
995193379          2      14      54    Mp      Mp2       70      4.510
995193379          2      15      55    MmL     Mm1L2      2      4.500
995193379          2      16      56    MpMp    Mp1Mp2    78      4.890
995193379          2      17      57    Mp      Mp1       78      3.180
995193379          2      18      58    LL      L2L1       0      2.530
995193379          2      19      59    L       L1        20      4.560
995193379          2      20      60    MmL     Mm1L1     20      3.300
995193379          2      21      61    HMp     H1Mp2     85     14.110
995193379          2      22      62    HH      H2H1      90      4.120
995193379          2      23      63    MmL     Mm2L2      2     10.490
995193379          2      24      64    MpMp    Mp2Mp1    80      4.230
995193379          2      25      65    MmMm    Mm2Mm1    30      8.350
995193379          2      26      66    H       H2        90      3.520
995193379          2      27      67    Mm      Mm2       30      2.740
995193379          2      28      68    MmL     Mm2L1     20      3.960
995193379          2      29      69    L       L2         0      2.800
995193379          2      30      70    HMp     H2Mp2     89      4.940
995193379          2      31      71    Mp      Mp2       80      7.090
995193379          2      32      72    LL      L1L2       0      2.200
995193379          2      33      73    MmMm    Mm1Mm2    30      3.570
995193379          2      34      74    MpMp    Mp1Mp2    80      7.250
995193379          2      35      75    Mp      Mp1       80      3.240
995193379          2      36      76    H       H1        89      4.180
995193379          2      37      77    HMp     H1Mp1     89      4.450
995193379          2      38      78    HH      H1H2      95      5.000
995193379          2      39      79    HH      H2H1      95      2.690
995193379          2      40      80    MpMp    Mp2Mp1    80      5.490
